[19/07/2016 16:46:03] - Open port COM5 (C:\Users\geoff\Desktop\TBVST.exe)	
	
[19/07/2016 16:46:03] Written data (COM5)	
    02 30 70 74 72 77 30 33 30 30 30 30 30 42 30 03   .0ptrw0300000B0.	
[19/07/2016 16:46:03] Read data (COM5)	
    02 55 30 70 30 37 30 30 38 30 39 30 30 34 33 03   .U0p07008090043.	
[19/07/2016 16:46:03] Written data (COM5)	
    02 30 54 34 30 30 30 30 30 30 30 39 30 38 46 03   .0T40000000908F.	
    02 30 54 34 30 30 30 30 30 30 30 39 30 38 46 03   .0T40000000908F.	
[19/07/2016 16:46:03] Read data (COM5)	
    02 55 30 54 34 30 30 30 30 30 30 30 39 36 41 03   .U0T4000000096A.	
[19/07/2016 16:46:03] Written data (COM5)	
    02 30 57 34 30 30 30 30 30 30 31 34 30 39 30 03   .0W400000014090.	
    02 30 57 34 30 30 30 30 30 30 31 34 30 39 30 03   .0W400000014090.	
[19/07/2016 16:46:04] Read data (COM5)	
    02 55 30 57 34 30 30 30 30 30 30 30 41 35 46 03   .U0W40000000A5F.	
[19/07/2016 16:46:04] Written data (COM5)	
    02 30 54 34 30 30 30 30 30 30 30 43 30 38 35 03   .0T40000000C085.	
    02 30 54 34 30 30 30 30 30 30 30 43 30 38 35 03   .0T40000000C085.	
[19/07/2016 16:46:04] Read data (COM5)	
    02 55 30 54 34 30 30 30 30 30 30 30 43 36 30 03   .U0T40000000C60.	
[19/07/2016 16:46:04] Written data (COM5)	
    02 30 57 34 30 30 30 30 30 30 30 33 30 39 32 03   .0W400000003092.	
    02 30 57 34 30 30 30 30 30 30 30 33 30 39 32 03   .0W400000003092.	
[19/07/2016 16:46:04] Read data (COM5)	
    02 55 30 57 34 30 30 30 30 30 30 30 44 35 43 03   .U0W40000000D5C.	
[19/07/2016 16:46:04] Written data (COM5)	
    02 31 70 74 72 77 30 33 30 30 30 30 30 41 46 03   .1ptrw0300000AF.	
    02 31 70 74 72 77 30 33 30 30 30 30 30 41 46 03   .1ptrw0300000AF.	
[19/07/2016 16:46:04] Read data (COM5)	
    02 55 31 70 30 37 30 30 38 30 39 30 30 34 32 03   .U1p07008090042.	
[19/07/2016 16:46:04] Written data (COM5)	
    02 31 54 34 30 30 30 30 30 30 30 39 30 38 45 03   .1T40000000908E.	
    02 31 54 34 30 30 30 30 30 30 30 39 30 38 45 03   .1T40000000908E.	
[19/07/2016 16:46:04] Read data (COM5)	
    02 55 31 54 34 30 30 30 30 30 30 30 39 36 39 03   .U1T40000000969.	
[19/07/2016 16:46:04] Written data (COM5)	
    02 31 57 34 30 30 30 30 30 30 31 34 30 38 46 03   .1W40000001408F.	
    02 31 57 34 30 30 30 30 30 30 31 34 30 38 46 03   .1W40000001408F.	
[19/07/2016 16:46:04] Read data (COM5)	
    02 55 31 57 34 30 30 30 30 30 30 30 41 35 45 03   .U1W40000000A5E.	
[19/07/2016 16:46:04] Written data (COM5)	
    02 31 54 34 30 30 30 30 30 30 30 43 30 38 34 03   .1T40000000C084.	
[19/07/2016 16:46:04] Read data (COM5)	
    02 55 31 54 34 30 30 30 30 30 30 30 43 35 46 03   .U1T40000000C5F.	
[19/07/2016 16:46:04] Written data (COM5)	
    02 31 57 34 30 30 30 30 30 30 30 33 30 39 31 03   .1W400000003091.	
    02 31 57 34 30 30 30 30 30 30 30 33 30 39 31 03   .1W400000003091.	
[19/07/2016 16:46:05] Read data (COM5)	
    02 55 31 57 34 30 30 30 30 30 30 30 44 35 42 03   .U1W40000000D5B.	
[19/07/2016 16:46:05] Written data (COM5)	
    02 32 70 74 72 77 30 33 30 30 30 30 30 41 45 03   .2ptrw0300000AE.	
    02 32 70 74 72 77 30 33 30 30 30 30 30 41 45 03   .2ptrw0300000AE.	
[19/07/2016 16:46:05] Read data (COM5)	
    02 55 32 70 30 37 30 30 38 30 39 30 30 34 31 03   .U2p07008090041.	
[19/07/2016 16:46:05] Written data (COM5)	
    02 32 54 34 30 30 30 30 30 30 30 39 30 38 44 03   .2T40000000908D.	
    02 32 54 34 30 30 30 30 30 30 30 39 30 38 44 03   .2T40000000908D.	
[19/07/2016 16:46:05] Read data (COM5)	
    02 55 32 54 34 30 30 30 30 30 30 30 39 36 38 03   .U2T40000000968.	
[19/07/2016 16:46:05] Written data (COM5)	
    02 32 57 34 30 30 30 30 30 30 31 34 30 38 45 03   .2W40000001408E.	
    02 32 57 34 30 30 30 30 30 30 31 34 30 38 45 03   .2W40000001408E.	
[19/07/2016 16:46:05] Read data (COM5)	
    02 55 32 57 34 30 30 30 30 30 30 30 41 35 44 03   .U2W40000000A5D.	
[19/07/2016 16:46:05] Written data (COM5)	
    02 32 54 34 30 30 30 30 30 30 30 43 30 38 33 03   .2T40000000C083.	
    02 32 54 34 30 30 30 30 30 30 30 43 30 38 33 03   .2T40000000C083.	
[19/07/2016 16:46:05] Read data (COM5)	
    02 55 32 54 34 30 30 30 30 30 30 30 43 35 45 03   .U2T40000000C5E.	
[19/07/2016 16:46:05] Written data (COM5)	
    02 32 57 34 30 30 30 30 30 30 30 33 30 39 30 03   .2W400000003090.	
    02 32 57 34 30 30 30 30 30 30 30 33 30 39 30 03   .2W400000003090.	
[19/07/2016 16:46:06] Read data (COM5)	
    02 55 32 57 34 30 30 30 30 30 30 30 44 35 41 03   .U2W40000000D5A.	
[19/07/2016 16:46:06] Written data (COM5)	
    02 33 70 74 72 77 30 33 30 30 30 30 30 41 44 03   .3ptrw0300000AD.	
    02 33 70 74 72 77 30 33 30 30 30 30 30 41 44 03   .3ptrw0300000AD.	
    02 34 70 74 72 77 30 33 30 30 30 30 30 41 43 03   .4ptrw0300000AC.	
    02 34 70 74 72 77 30 33 30 30 30 30 30 41 43 03   .4ptrw0300000AC.	
    02 35 70 74 72 77 30 33 30 30 30 30 30 41 42 03   .5ptrw0300000AB.	
    02 35 70 74 72 77 30 33 30 30 30 30 30 41 42 03   .5ptrw0300000AB.	
    02 36 70 74 72 77 30 33 30 30 30 30 30 41 41 03   .6ptrw0300000AA.	
    02 36 70 74 72 77 30 33 30 30 30 30 30 41 41 03   .6ptrw0300000AA.	
    02 37 70 74 72 77 30 33 30 30 30 30 30 41 39 03   .7ptrw0300000A9.	
    02 37 70 74 72 77 30 33 30 30 30 30 30 41 39 03   .7ptrw0300000A9.	
    02 38 70 74 72 77 30 33 30 30 30 30 30 41 38 03   .8ptrw0300000A8.	
    02 38 70 74 72 77 30 33 30 30 30 30 30 41 38 03   .8ptrw0300000A8.	
    02 39 70 74 72 77 30 33 30 30 30 30 30 41 37 03   .9ptrw0300000A7.	
    02 39 70 74 72 77 30 33 30 30 30 30 30 41 37 03   .9ptrw0300000A7.	
    02 41 70 74 72 77 30 33 30 30 30 30 30 39 46 03   .Aptrw03000009F.	
    02 41 70 74 72 77 30 33 30 30 30 30 30 39 46 03   .Aptrw03000009F.	
    02 42 70 74 72 77 30 33 30 30 30 30 30 39 45 03   .Bptrw03000009E.	
    02 42 70 74 72 77 30 33 30 30 30 30 30 39 45 03   .Bptrw03000009E.	
    02 43 70 74 72 77 30 33 30 30 30 30 30 39 44 03   .Cptrw03000009D.	
    02 43 70 74 72 77 30 33 30 30 30 30 30 39 44 03   .Cptrw03000009D.	
    02 44 70 74 72 77 30 33 30 30 30 30 30 39 43 03   .Dptrw03000009C.	
    02 44 70 74 72 77 30 33 30 30 30 30 30 39 43 03   .Dptrw03000009C.	
    02 45 70 74 72 77 30 33 30 30 30 30 30 39 42 03   .Eptrw03000009B.	
    02 45 70 74 72 77 30 33 30 30 30 30 30 39 42 03   .Eptrw03000009B.	
    02 46 70 74 72 77 30 33 30 30 30 30 30 39 41 03   .Fptrw03000009A.	
    02 46 70 74 72 77 30 33 30 30 30 30 30 39 41 03   .Fptrw03000009A.	
    02 05 05 05 05 05 05 05 05 05 05 05 05 05 05 03   ................	
    02 05 05 05 05 05 05 05 05 05 05 05 05 05 05 03   ................	
    02 05 05 05 05 05 05 05 05 05 05 05 05 05 05 03   ................	
    02 30 51 31 30 31 30 30 30 30 30 30 30 39 44 03   .0Q10100000009D.	
[19/07/2016 16:46:09] Read data (COM5)	
    02 55 30 51 30 37 30 30 38 30 39 30 30 36 32 03   .U0Q07008090062.	
[19/07/2016 16:46:09] Written data (COM5)	
    02 30 52 34 30 30 30 30 30 34 30 30 30 39 36 03   .0R400000400096.	
[19/07/2016 16:46:09] Read data (COM5)	
    02 55 30 52 34 30 30 30 30 30 30 30 30 37 35 03   .U0R40000000075.	
[19/07/2016 16:46:09] Written data (COM5)	
    02 30 52 34 30 30 30 30 30 34 30 31 30 39 35 03   .0R400000401095.	
[19/07/2016 16:46:09] Read data (COM5)	
    02 55 30 52 34 30 30 30 30 30 30 46 46 34 39 03   .U0R4000000FF49.	
[19/07/2016 16:46:09] Written data (COM5)	
    02 30 52 34 30 30 30 30 30 34 30 32 30 39 34 03   .0R400000402094.	
[19/07/2016 16:46:09] Read data (COM5)	
    02 55 30 52 34 30 30 30 30 30 30 30 30 37 35 03   .U0R40000000075.	
[19/07/2016 16:46:09] Written data (COM5)	
    02 30 52 34 30 30 30 30 30 34 30 33 30 39 33 03   .0R400000403093.	
[19/07/2016 16:46:09] Read data (COM5)	
    02 55 30 52 34 30 30 30 30 30 30 30 34 37 31 03   .U0R40000000471.	
[19/07/2016 16:46:09] Written data (COM5)	
    02 30 52 34 30 30 30 30 30 34 30 34 30 39 32 03   .0R400000404092.	
[19/07/2016 16:46:09] Read data (COM5)	
    02 55 30 52 34 30 30 30 30 30 45 41 37 34 38 03   .U0R400000EA748.	
[19/07/2016 16:46:09] Written data (COM5)	
    02 30 52 34 30 30 30 30 30 34 30 35 30 39 31 03   .0R400000405091.	
[19/07/2016 16:46:09] Read data (COM5)	
    02 55 30 52 34 30 30 30 30 30 30 44 43 34 45 03   .U0R4000000DC4E.	
[19/07/2016 16:46:09] Written data (COM5)	
    02 30 52 34 30 30 30 30 30 34 30 36 30 39 30 03   .0R400000406090.	
[19/07/2016 16:46:09] Read data (COM5)	
    02 55 30 52 34 30 30 30 30 30 30 33 42 36 30 03   .U0R40000003B60.	
[19/07/2016 16:46:09] Written data (COM5)	
    02 30 52 34 30 30 30 30 30 34 30 37 30 38 46 03   .0R40000040708F.	
[19/07/2016 16:46:09] Read data (COM5)	
    02 55 30 52 34 30 30 30 30 30 30 46 46 34 39 03   .U0R4000000FF49.	
[19/07/2016 16:46:09] Written data (COM5)	
    02 30 52 34 30 30 30 30 30 34 30 38 30 38 45 03   .0R40000040808E.	
[19/07/2016 16:46:09] Read data (COM5)	
    02 55 30 52 34 30 30 30 30 30 30 30 36 36 46 03   .U0R4000000066F.	
[19/07/2016 16:46:09] Written data (COM5)	
    02 30 52 34 30 30 30 30 30 34 30 39 30 38 44 03   .0R40000040908D.	
[19/07/2016 16:46:09] Read data (COM5)	
    02 55 30 52 34 30 30 30 30 30 30 30 30 37 35 03   .U0R40000000075.	
[19/07/2016 16:46:09] Written data (COM5)	
    02 30 52 34 30 30 30 30 30 34 30 41 30 38 35 03   .0R40000040A085.	
[19/07/2016 16:46:09] Read data (COM5)	
    02 55 30 52 34 30 30 30 30 30 30 30 30 37 35 03   .U0R40000000075.	
[19/07/2016 16:46:09] Written data (COM5)	
    02 30 52 34 30 30 30 30 30 34 30 42 30 38 34 03   .0R40000040B084.	
[19/07/2016 16:46:09] Read data (COM5)	
    02 55 30 52 34 30 30 30 30 30 30 30 30 37 35 03   .U0R40000000075.	
[19/07/2016 16:46:09] Written data (COM5)	
    02 30 52 34 30 30 30 30 30 34 30 43 30 38 33 03   .0R40000040C083.	
[19/07/2016 16:46:09] Read data (COM5)	
    02 55 30 52 34 30 30 30 30 30 30 30 30 37 35 03   .U0R40000000075.	
[19/07/2016 16:46:09] Written data (COM5)	
    02 30 52 34 30 30 30 30 30 34 30 44 30 38 32 03   .0R40000040D082.	
[19/07/2016 16:46:09] Read data (COM5)	
    02 55 30 52 34 30 30 30 30 30 30 30 30 37 35 03   .U0R40000000075.	
[19/07/2016 16:46:09] Written data (COM5)	
    02 30 52 34 30 30 30 30 30 34 30 45 30 38 31 03   .0R40000040E081.	
[19/07/2016 16:46:09] Read data (COM5)	
    02 55 30 52 34 30 30 30 30 30 30 30 30 37 35 03   .U0R40000000075.	
[19/07/2016 16:46:09] Written data (COM5)	
    02 30 52 34 30 30 30 30 30 34 30 46 30 38 30 03   .0R40000040F080.	
[19/07/2016 16:46:09] Read data (COM5)	
    02 55 30 52 34 30 30 30 30 30 30 30 30 37 35 03   .U0R40000000075.	
[19/07/2016 16:46:09] Written data (COM5)	
    02 30 52 34 30 30 30 30 30 34 31 30 30 39 35 03   .0R400000410095.	
[19/07/2016 16:46:09] Read data (COM5)	
    02 55 30 52 34 30 30 30 30 30 30 30 30 37 35 03   .U0R40000000075.	
[19/07/2016 16:46:09] Written data (COM5)	
    02 30 52 34 30 30 30 30 30 34 31 31 30 39 34 03   .0R400000411094.	
[19/07/2016 16:46:09] Read data (COM5)	
    02 55 30 52 34 30 30 30 30 30 30 30 30 37 35 03   .U0R40000000075.	
[19/07/2016 16:46:09] Written data (COM5)	
    02 30 52 34 30 30 30 30 30 34 31 32 30 39 33 03   .0R400000412093.	
[19/07/2016 16:46:09] Read data (COM5)	
    02 55 30 52 34 30 30 30 30 30 30 30 30 37 35 03   .U0R40000000075.	
[19/07/2016 16:46:09] Written data (COM5)	
    02 30 52 34 30 30 30 30 30 34 31 33 30 39 32 03   .0R400000413092.	
[19/07/2016 16:46:09] Read data (COM5)	
    02 55 30 52 34 30 30 30 30 30 30 30 30 37 35 03   .U0R40000000075.	
[19/07/2016 16:46:09] Written data (COM5)	
    02 30 52 34 30 30 30 30 30 34 31 34 30 39 31 03   .0R400000414091.	
[19/07/2016 16:46:09] Read data (COM5)	
    02 55 30 52 34 30 30 30 30 30 30 30 30 37 35 03   .U0R40000000075.	
[19/07/2016 16:46:09] Written data (COM5)	
    02 30 52 34 30 30 30 30 30 34 31 35 30 39 30 03   .0R400000415090.	
[19/07/2016 16:46:09] Read data (COM5)	
    02 55 30 52 34 30 30 30 30 30 30 30 30 37 35 03   .U0R40000000075.	
[19/07/2016 16:46:09] Written data (COM5)	
    02 30 52 34 30 30 30 30 30 34 31 36 30 38 46 03   .0R40000041608F.	
[19/07/2016 16:46:09] Read data (COM5)	
    02 55 30 52 34 30 30 30 30 30 30 30 30 37 35 03   .U0R40000000075.	
[19/07/2016 16:46:09] Written data (COM5)	
    02 30 52 34 30 30 30 30 30 34 31 37 30 38 45 03   .0R40000041708E.	
[19/07/2016 16:46:09] Read data (COM5)	
    02 55 30 52 34 30 30 30 30 30 30 30 30 37 35 03   .U0R40000000075.	
[19/07/2016 16:46:09] Written data (COM5)	
    02 30 52 34 30 30 30 30 30 34 31 38 30 38 44 03   .0R40000041808D.	
[19/07/2016 16:46:09] Read data (COM5)	
    02 55 30 52 34 30 30 30 30 30 30 30 30 37 35 03   .U0R40000000075.	
[19/07/2016 16:46:09] Written data (COM5)	
    02 30 52 34 30 30 30 30 30 34 31 39 30 38 43 03   .0R40000041908C.	
[19/07/2016 16:46:09] Read data (COM5)	
    02 55 30 52 34 30 30 30 30 30 30 30 30 37 35 03   .U0R40000000075.	
[19/07/2016 16:46:09] Written data (COM5)	
    02 30 52 34 30 30 30 30 30 34 31 41 30 38 34 03   .0R40000041A084.	
[19/07/2016 16:46:09] Read data (COM5)	
    02 55 30 52 34 30 30 30 30 30 30 30 30 37 35 03   .U0R40000000075.	
[19/07/2016 16:46:09] Written data (COM5)	
    02 30 52 34 30 30 30 30 30 34 31 42 30 38 33 03   .0R40000041B083.	
[19/07/2016 16:46:09] Read data (COM5)	
    02 55 30 52 34 30 30 30 30 30 30 30 30 37 35 03   .U0R40000000075.	
[19/07/2016 16:46:10] Written data (COM5)	
    02 30 52 34 30 30 30 30 30 34 31 43 30 38 32 03   .0R40000041C082.	
[19/07/2016 16:46:10] Read data (COM5)	
    02 55 30 52 34 30 30 30 30 30 30 30 30 37 35 03   .U0R40000000075.	
[19/07/2016 16:46:10] Written data (COM5)	
    02 30 52 34 30 30 30 30 30 34 31 44 30 38 31 03   .0R40000041D081.	
[19/07/2016 16:46:10] Read data (COM5)	
    02 55 30 52 34 30 30 30 30 30 30 30 30 37 35 03   .U0R40000000075.	
[19/07/2016 16:46:10] Written data (COM5)	
    02 30 52 34 30 30 30 30 30 34 31 45 30 38 30 03   .0R40000041E080.	
[19/07/2016 16:46:10] Read data (COM5)	
    02 55 30 52 34 30 30 30 30 30 30 30 30 37 35 03   .U0R40000000075.	
[19/07/2016 16:46:10] Written data (COM5)	
    02 30 52 34 30 30 30 30 30 34 31 46 30 37 46 03   .0R40000041F07F.	
[19/07/2016 16:46:10] Read data (COM5)	
    02 55 30 52 34 30 30 30 30 30 30 30 34 37 31 03   .U0R40000000471.	
[19/07/2016 16:46:10] Written data (COM5)	
    02 30 51 31 30 30 30 30 30 30 30 30 30 39 45 03   .0Q10000000009E.	
[19/07/2016 16:46:10] Read data (COM5)	
    02 55 30 51 30 37 30 30 38 30 39 30 30 36 32 03   .U0Q07008090062.	
[19/07/2016 16:46:10] Written data (COM5)	
    02 30 52 34 30 30 30 30 30 30 30 30 30 39 41 03   .0R40000000009A.	
[19/07/2016 16:46:10] Read data (COM5)	
    02 55 30 52 34 33 46 46 46 46 46 46 46 44 38 03   .U0R43FFFFFFFD8.	
[19/07/2016 16:46:10] Written data (COM5)	
    02 30 52 34 30 30 30 30 30 30 30 31 30 39 39 03   .0R400000001099.	
[19/07/2016 16:46:10] Read data (COM5)	
    02 55 30 52 34 43 30 30 30 30 30 30 30 36 32 03   .U0R4C000000062.	
[19/07/2016 16:46:10] Written data (COM5)	
    02 30 52 34 30 30 30 30 30 30 30 32 30 39 38 03   .0R400000002098.	
[19/07/2016 16:46:10] Read data (COM5)	
    02 55 30 52 34 30 30 30 30 30 30 36 34 36 42 03   .U0R4000000646B.	
[19/07/2016 16:46:10] Written data (COM5)	
    02 30 52 34 30 30 30 30 30 30 30 33 30 39 37 03   .0R400000003097.	
[19/07/2016 16:46:10] Read data (COM5)	
    02 55 30 52 34 46 46 46 46 42 31 37 43 46 30 03   .U0R4FFFFB17CF0.	
[19/07/2016 16:46:10] Written data (COM5)	
    02 30 52 34 30 30 30 30 30 30 30 34 30 39 36 03   .0R400000004096.	
[19/07/2016 16:46:10] Read data (COM5)	
    02 55 30 52 34 33 46 46 46 46 46 46 46 44 38 03   .U0R43FFFFFFFD8.	
[19/07/2016 16:46:10] Written data (COM5)	
    02 30 52 34 30 30 30 30 30 30 30 35 30 39 35 03   .0R400000005095.	
[19/07/2016 16:46:10] Read data (COM5)	
    02 55 30 52 34 43 30 30 30 30 30 30 30 36 32 03   .U0R4C000000062.	
[19/07/2016 16:46:10] Written data (COM5)	
    02 30 52 34 30 30 30 30 30 30 30 36 30 39 34 03   .0R400000006094.	
[19/07/2016 16:46:10] Read data (COM5)	
    02 55 30 52 34 30 30 30 30 30 30 30 37 36 45 03   .U0R4000000076E.	
[19/07/2016 16:46:10] Written data (COM5)	
    02 30 52 34 30 30 30 30 30 30 30 37 30 39 33 03   .0R400000007093.	
[19/07/2016 16:46:10] Read data (COM5)	
    02 55 30 52 34 30 30 30 30 30 30 30 30 37 35 03   .U0R40000000075.	
[19/07/2016 16:46:10] Written data (COM5)	
    02 30 52 34 30 30 30 30 30 30 30 38 30 39 32 03   .0R400000008092.	
[19/07/2016 16:46:10] Read data (COM5)	
    02 55 30 52 34 30 30 30 30 30 30 36 32 36 44 03   .U0R4000000626D.	
[19/07/2016 16:46:10] Written data (COM5)	
    02 30 52 34 30 30 30 30 30 30 30 39 30 39 31 03   .0R400000009091.	
[19/07/2016 16:46:10] Read data (COM5)	
    02 55 30 52 34 30 30 30 30 30 30 30 34 37 31 03   .U0R40000000471.	
[19/07/2016 16:46:10] Written data (COM5)	
    02 30 52 34 30 30 30 30 30 30 30 41 30 38 39 03   .0R40000000A089.	
[19/07/2016 16:46:10] Read data (COM5)	
    02 55 30 52 34 30 30 30 30 32 31 33 34 36 42 03   .U0R4000021346B.	
[19/07/2016 16:46:10] Written data (COM5)	
    02 30 52 34 30 30 30 30 30 30 30 42 30 38 38 03   .0R40000000B088.	
[19/07/2016 16:46:10] Read data (COM5)	
    02 55 30 52 34 30 30 30 30 30 33 45 38 35 35 03   .U0R4000003E855.	
[19/07/2016 16:46:10] Written data (COM5)	
    02 30 52 34 30 30 30 30 30 30 30 43 30 38 37 03   .0R40000000C087.	
[19/07/2016 16:46:10] Read data (COM5)	
    02 55 30 52 34 30 30 30 30 30 30 30 31 37 34 03   .U0R40000000174.	
[19/07/2016 16:46:10] Written data (COM5)	
    02 30 52 34 30 30 30 30 30 30 30 44 30 38 36 03   .0R40000000D086.	
[19/07/2016 16:46:10] Read data (COM5)	
    02 55 30 52 34 30 30 30 30 30 30 30 33 37 32 03   .U0R40000000372.	
[19/07/2016 16:46:10] Written data (COM5)	
    02 30 52 34 30 30 30 30 30 30 30 45 30 38 35 03   .0R40000000E085.	
[19/07/2016 16:46:10] Read data (COM5)	
    02 55 30 52 34 30 30 30 30 35 38 31 36 36 31 03   .U0R40000581661.	
[19/07/2016 16:46:10] Written data (COM5)	
    02 30 52 34 30 30 30 30 30 30 30 46 30 38 34 03   .0R40000000F084.	
[19/07/2016 16:46:10] Read data (COM5)	
    02 55 30 52 34 30 30 30 30 30 30 44 44 34 44 03   .U0R4000000DD4D.	
[19/07/2016 16:46:10] Written data (COM5)	
    02 30 52 34 30 30 30 30 30 30 31 30 30 39 39 03   .0R400000010099.	
[19/07/2016 16:46:10] Read data (COM5)	
    02 55 30 52 34 30 30 30 30 30 30 33 43 35 46 03   .U0R40000003C5F.	
[19/07/2016 16:46:10] Written data (COM5)	
    02 30 52 34 30 30 30 30 30 30 31 31 30 39 38 03   .0R400000011098.	
[19/07/2016 16:46:10] Read data (COM5)	
    02 55 30 52 34 30 30 30 30 30 30 46 46 34 39 03   .U0R4000000FF49.	
[19/07/2016 16:46:10] Written data (COM5)	
    02 30 52 34 30 30 30 30 30 30 31 32 30 39 37 03   .0R400000012097.	
[19/07/2016 16:46:10] Read data (COM5)	
    02 55 30 52 34 30 30 30 30 30 30 30 36 36 46 03   .U0R4000000066F.	
[19/07/2016 16:46:10] Written data (COM5)	
    02 30 52 34 30 30 30 30 30 30 31 33 30 39 36 03   .0R400000013096.	
[19/07/2016 16:46:10] Read data (COM5)	
    02 55 30 52 34 30 30 30 30 30 30 30 30 37 35 03   .U0R40000000075.	
[19/07/2016 16:46:10] Written data (COM5)	
    02 30 52 34 30 30 30 30 30 30 31 34 30 39 35 03   .0R400000014095.	
[19/07/2016 16:46:10] Read data (COM5)	
    02 55 30 52 34 30 30 30 30 30 30 30 30 37 35 03   .U0R40000000075.	
[19/07/2016 16:46:10] Written data (COM5)	
    02 30 52 34 30 30 30 30 30 30 31 35 30 39 34 03   .0R400000015094.	
[19/07/2016 16:46:10] Read data (COM5)	
    02 55 30 52 34 30 30 30 30 30 30 30 30 37 35 03   .U0R40000000075.	
[19/07/2016 16:46:10] Written data (COM5)	
    02 30 52 34 30 30 30 30 30 30 31 36 30 39 33 03   .0R400000016093.	
[19/07/2016 16:46:10] Read data (COM5)	
    02 55 30 52 34 30 30 30 30 30 30 30 30 37 35 03   .U0R40000000075.	
[19/07/2016 16:46:10] Written data (COM5)	
    02 30 52 34 30 30 30 30 30 30 31 37 30 39 32 03   .0R400000017092.	
[19/07/2016 16:46:10] Read data (COM5)	
    02 55 30 52 34 30 30 30 30 30 30 30 31 37 34 03   .U0R40000000174.	
[19/07/2016 16:46:10] Written data (COM5)	
    02 30 52 34 30 30 30 30 30 30 31 38 30 39 31 03   .0R400000018091.	
[19/07/2016 16:46:10] Read data (COM5)	
    02 55 30 52 34 30 30 30 30 30 30 30 30 37 35 03   .U0R40000000075.	
[19/07/2016 16:46:10] Written data (COM5)	
    02 30 52 34 30 30 30 30 30 30 31 39 30 39 30 03   .0R400000019090.	
[19/07/2016 16:46:10] Read data (COM5)	
    02 55 30 52 34 30 30 30 30 30 30 45 30 36 30 03   .U0R4000000E060.	
[19/07/2016 16:46:10] Written data (COM5)	
    02 30 52 34 30 30 30 30 30 30 31 41 30 38 38 03   .0R40000001A088.	
[19/07/2016 16:46:10] Read data (COM5)	
    02 55 30 52 34 30 30 30 30 33 31 41 39 35 37 03   .U0R4000031A957.	
[19/07/2016 16:46:10] Written data (COM5)	
    02 30 52 34 30 30 30 30 30 30 31 42 30 38 37 03   .0R40000001B087.	
[19/07/2016 16:46:10] Read data (COM5)	
    02 55 30 52 34 38 30 30 30 30 30 34 30 36 39 03   .U0R48000004069.	
[19/07/2016 16:46:10] Written data (COM5)	
    02 30 52 34 30 30 30 30 30 30 31 43 30 38 36 03   .0R40000001C086.	
[19/07/2016 16:46:10] Read data (COM5)	
    02 55 30 52 34 30 30 30 30 30 31 37 36 36 37 03   .U0R40000017667.	
[19/07/2016 16:46:10] Written data (COM5)	
    02 30 52 34 30 30 30 30 30 30 31 44 30 38 35 03   .0R40000001D085.	
[19/07/2016 16:46:10] Read data (COM5)	
    02 55 30 52 34 30 30 30 30 30 30 30 30 37 35 03   .U0R40000000075.	
[19/07/2016 16:46:10] Written data (COM5)	
    02 30 52 34 30 30 30 30 30 30 31 45 30 38 34 03   .0R40000001E084.	
[19/07/2016 16:46:10] Read data (COM5)	
    02 55 30 52 34 30 30 30 30 30 30 30 30 37 35 03   .U0R40000000075.	
[19/07/2016 16:46:10] Written data (COM5)	
    02 30 52 34 30 30 30 30 30 30 31 46 30 38 33 03   .0R40000001F083.	
[19/07/2016 16:46:10] Read data (COM5)	
    02 55 30 52 34 30 30 30 30 30 30 30 42 36 33 03   .U0R40000000B63.	
[19/07/2016 16:46:10] Written data (COM5)	
    02 30 52 34 30 30 30 30 36 38 30 30 30 38 43 03   .0R40000680008C.	
[19/07/2016 16:46:10] Read data (COM5)	
    02 55 30 52 34 33 30 33 39 30 30 33 32 36 31 03   .U0R43039003261.	
[19/07/2016 16:46:10] Written data (COM5)	
    02 30 52 34 30 30 30 46 46 44 34 42 30 34 34 03   .0R4000FFD4B044.	
[19/07/2016 16:46:10] Read data (COM5)	
    02 55 30 52 34 31 30 30 30 30 30 30 42 36 32 03   .U0R41000000B62.	
[19/07/2016 16:46:10] Written data (COM5)	
    02 30 52 34 30 30 30 46 46 44 34 36 30 35 30 03   .0R4000FFD46050.	
[19/07/2016 16:46:10] Read data (COM5)	
    02 55 30 52 34 46 46 46 46 46 46 46 41 43 41 03   .U0R4FFFFFFFACA.	
[19/07/2016 16:46:10] Written data (COM5)	
    02 30 52 34 30 30 30 30 37 43 30 30 30 38 30 03   .0R400007C00080.	
[19/07/2016 16:46:10] Read data (COM5)	
    02 55 30 52 34 30 30 30 30 30 30 30 30 37 35 03   .U0R40000000075.	
[19/07/2016 16:46:10] Written data (COM5)	
    02 30 52 34 30 30 30 30 36 43 30 33 30 37 45 03   .0R400006C0307E.	
[19/07/2016 16:46:10] Read data (COM5)	
    02 55 30 52 34 30 30 30 30 30 30 30 30 37 35 03   .U0R40000000075.	
[19/07/2016 16:46:10] Written data (COM5)	
    02 30 51 31 30 31 30 30 30 30 30 30 30 39 44 03   .0Q10100000009D.	
[19/07/2016 16:46:10] Read data (COM5)	
    02 55 30 51 30 37 30 30 38 30 39 30 30 36 32 03   .U0Q07008090062.	
[19/07/2016 16:46:10] Written data (COM5)	
    02 30 52 34 30 30 30 30 30 34 30 30 30 39 36 03   .0R400000400096.	
[19/07/2016 16:46:10] Read data (COM5)	
    02 55 30 52 34 30 30 30 30 30 30 30 30 37 35 03   .U0R40000000075.	
[19/07/2016 16:46:10] Written data (COM5)	
    02 30 52 34 30 30 30 30 30 34 30 31 30 39 35 03   .0R400000401095.	
[19/07/2016 16:46:10] Read data (COM5)	
    02 55 30 52 34 30 30 30 30 30 30 46 46 34 39 03   .U0R4000000FF49.	
[19/07/2016 16:46:10] Written data (COM5)	
    02 30 52 34 30 30 30 30 30 34 30 32 30 39 34 03   .0R400000402094.	
[19/07/2016 16:46:10] Read data (COM5)	
    02 55 30 52 34 30 30 30 30 30 30 30 30 37 35 03   .U0R40000000075.	
[19/07/2016 16:46:10] Written data (COM5)	
    02 30 52 34 30 30 30 30 30 34 30 33 30 39 33 03   .0R400000403093.	
[19/07/2016 16:46:10] Read data (COM5)	
    02 55 30 52 34 30 30 30 30 30 30 30 34 37 31 03   .U0R40000000471.	
[19/07/2016 16:46:10] Written data (COM5)	
    02 30 52 34 30 30 30 30 30 34 30 34 30 39 32 03   .0R400000404092.	
[19/07/2016 16:46:10] Read data (COM5)	
    02 55 30 52 34 30 30 30 30 30 45 41 37 34 38 03   .U0R400000EA748.	
[19/07/2016 16:46:10] Written data (COM5)	
    02 30 52 34 30 30 30 30 30 34 30 35 30 39 31 03   .0R400000405091.	
[19/07/2016 16:46:10] Read data (COM5)	
    02 55 30 52 34 30 30 30 30 30 30 44 43 34 45 03   .U0R4000000DC4E.	
[19/07/2016 16:46:10] Written data (COM5)	
    02 30 52 34 30 30 30 30 30 34 30 36 30 39 30 03   .0R400000406090.	
[19/07/2016 16:46:10] Read data (COM5)	
    02 55 30 52 34 30 30 30 30 30 30 33 42 36 30 03   .U0R40000003B60.	
[19/07/2016 16:46:10] Written data (COM5)	
    02 30 52 34 30 30 30 30 30 34 30 37 30 38 46 03   .0R40000040708F.	
[19/07/2016 16:46:10] Read data (COM5)	
    02 55 30 52 34 30 30 30 30 30 30 46 46 34 39 03   .U0R4000000FF49.	
[19/07/2016 16:46:10] Written data (COM5)	
    02 30 52 34 30 30 30 30 30 34 30 38 30 38 45 03   .0R40000040808E.	
[19/07/2016 16:46:10] Read data (COM5)	
    02 55 30 52 34 30 30 30 30 30 30 30 36 36 46 03   .U0R4000000066F.	
[19/07/2016 16:46:10] Written data (COM5)	
    02 30 52 34 30 30 30 30 30 34 30 39 30 38 44 03   .0R40000040908D.	
[19/07/2016 16:46:10] Read data (COM5)	
    02 55 30 52 34 30 30 30 30 30 30 30 30 37 35 03   .U0R40000000075.	
[19/07/2016 16:46:10] Written data (COM5)	
    02 30 52 34 30 30 30 30 30 34 30 41 30 38 35 03   .0R40000040A085.	
[19/07/2016 16:46:10] Read data (COM5)	
    02 55 30 52 34 30 30 30 30 30 30 30 30 37 35 03   .U0R40000000075.	
[19/07/2016 16:46:10] Written data (COM5)	
    02 30 52 34 30 30 30 30 30 34 30 42 30 38 34 03   .0R40000040B084.	
[19/07/2016 16:46:10] Read data (COM5)	
    02 55 30 52 34 30 30 30 30 30 30 30 30 37 35 03   .U0R40000000075.	
[19/07/2016 16:46:10] Written data (COM5)	
    02 30 52 34 30 30 30 30 30 34 30 43 30 38 33 03   .0R40000040C083.	
[19/07/2016 16:46:10] Read data (COM5)	
    02 55 30 52 34 30 30 30 30 30 30 30 30 37 35 03   .U0R40000000075.	
[19/07/2016 16:46:10] Written data (COM5)	
    02 30 52 34 30 30 30 30 30 34 30 44 30 38 32 03   .0R40000040D082.	
[19/07/2016 16:46:10] Read data (COM5)	
    02 55 30 52 34 30 30 30 30 30 30 30 30 37 35 03   .U0R40000000075.	
[19/07/2016 16:46:10] Written data (COM5)	
    02 30 52 34 30 30 30 30 30 34 30 45 30 38 31 03   .0R40000040E081.	
[19/07/2016 16:46:10] Read data (COM5)	
    02 55 30 52 34 30 30 30 30 30 30 30 30 37 35 03   .U0R40000000075.	
[19/07/2016 16:46:10] Written data (COM5)	
    02 30 52 34 30 30 30 30 30 34 30 46 30 38 30 03   .0R40000040F080.	
[19/07/2016 16:46:10] Read data (COM5)	
    02 55 30 52 34 30 30 30 30 30 30 30 30 37 35 03   .U0R40000000075.	
[19/07/2016 16:46:10] Written data (COM5)	
    02 30 52 34 30 30 30 30 30 34 31 30 30 39 35 03   .0R400000410095.	
[19/07/2016 16:46:10] Read data (COM5)	
    02 55 30 52 34 30 30 30 30 30 30 30 30 37 35 03   .U0R40000000075.	
[19/07/2016 16:46:10] Written data (COM5)	
    02 30 52 34 30 30 30 30 30 34 31 31 30 39 34 03   .0R400000411094.	
[19/07/2016 16:46:10] Read data (COM5)	
    02 55 30 52 34 30 30 30 30 30 30 30 30 37 35 03   .U0R40000000075.	
[19/07/2016 16:46:10] Written data (COM5)	
    02 30 52 34 30 30 30 30 30 34 31 32 30 39 33 03   .0R400000412093.	
[19/07/2016 16:46:10] Read data (COM5)	
    02 55 30 52 34 30 30 30 30 30 30 30 30 37 35 03   .U0R40000000075.	
[19/07/2016 16:46:10] Written data (COM5)	
    02 30 52 34 30 30 30 30 30 34 31 33 30 39 32 03   .0R400000413092.	
[19/07/2016 16:46:10] Read data (COM5)	
    02 55 30 52 34 30 30 30 30 30 30 30 30 37 35 03   .U0R40000000075.	
[19/07/2016 16:46:10] Written data (COM5)	
    02 30 52 34 30 30 30 30 30 34 31 34 30 39 31 03   .0R400000414091.	
[19/07/2016 16:46:10] Read data (COM5)	
    02 55 30 52 34 30 30 30 30 30 30 30 30 37 35 03   .U0R40000000075.	
[19/07/2016 16:46:10] Written data (COM5)	
    02 30 52 34 30 30 30 30 30 34 31 35 30 39 30 03   .0R400000415090.	
[19/07/2016 16:46:10] Read data (COM5)	
    02 55 30 52 34 30 30 30 30 30 30 30 30 37 35 03   .U0R40000000075.	
[19/07/2016 16:46:10] Written data (COM5)	
    02 30 52 34 30 30 30 30 30 34 31 36 30 38 46 03   .0R40000041608F.	
[19/07/2016 16:46:10] Read data (COM5)	
    02 55 30 52 34 30 30 30 30 30 30 30 30 37 35 03   .U0R40000000075.	
[19/07/2016 16:46:10] Written data (COM5)	
    02 30 52 34 30 30 30 30 30 34 31 37 30 38 45 03   .0R40000041708E.	
[19/07/2016 16:46:10] Read data (COM5)	
    02 55 30 52 34 30 30 30 30 30 30 30 30 37 35 03   .U0R40000000075.	
[19/07/2016 16:46:10] Written data (COM5)	
    02 30 52 34 30 30 30 30 30 34 31 38 30 38 44 03   .0R40000041808D.	
[19/07/2016 16:46:10] Read data (COM5)	
    02 55 30 52 34 30 30 30 30 30 30 30 30 37 35 03   .U0R40000000075.	
[19/07/2016 16:46:10] Written data (COM5)	
    02 30 52 34 30 30 30 30 30 34 31 39 30 38 43 03   .0R40000041908C.	
[19/07/2016 16:46:10] Read data (COM5)	
    02 55 30 52 34 30 30 30 30 30 30 30 30 37 35 03   .U0R40000000075.	
[19/07/2016 16:46:10] Written data (COM5)	
    02 30 52 34 30 30 30 30 30 34 31 41 30 38 34 03   .0R40000041A084.	
[19/07/2016 16:46:10] Read data (COM5)	
    02 55 30 52 34 30 30 30 30 30 30 30 30 37 35 03   .U0R40000000075.	
[19/07/2016 16:46:10] Written data (COM5)	
    02 30 52 34 30 30 30 30 30 34 31 42 30 38 33 03   .0R40000041B083.	
[19/07/2016 16:46:10] Read data (COM5)	
    02 55 30 52 34 30 30 30 30 30 30 30 30 37 35 03   .U0R40000000075.	
[19/07/2016 16:46:10] Written data (COM5)	
    02 30 52 34 30 30 30 30 30 34 31 43 30 38 32 03   .0R40000041C082.	
[19/07/2016 16:46:10] Read data (COM5)	
    02 55 30 52 34 30 30 30 30 30 30 30 30 37 35 03   .U0R40000000075.	
[19/07/2016 16:46:10] Written data (COM5)	
    02 30 52 34 30 30 30 30 30 34 31 44 30 38 31 03   .0R40000041D081.	
[19/07/2016 16:46:10] Read data (COM5)	
    02 55 30 52 34 30 30 30 30 30 30 30 30 37 35 03   .U0R40000000075.	
[19/07/2016 16:46:10] Written data (COM5)	
    02 30 52 34 30 30 30 30 30 34 31 45 30 38 30 03   .0R40000041E080.	
[19/07/2016 16:46:10] Read data (COM5)	
    02 55 30 52 34 30 30 30 30 30 30 30 30 37 35 03   .U0R40000000075.	
[19/07/2016 16:46:10] Written data (COM5)	
    02 30 52 34 30 30 30 30 30 34 31 46 30 37 46 03   .0R40000041F07F.	
[19/07/2016 16:46:10] Read data (COM5)	
    02 55 30 52 34 30 30 30 30 30 30 30 34 37 31 03   .U0R40000000471.	
[19/07/2016 16:46:10] Written data (COM5)	
    02 30 51 31 30 30 30 30 30 30 30 30 30 39 45 03   .0Q10000000009E.	
[19/07/2016 16:46:10] Read data (COM5)	
    02 55 30 51 30 37 30 30 38 30 39 30 30 36 32 03   .U0Q07008090062.	
[19/07/2016 16:46:10] Written data (COM5)	
    02 30 52 34 30 30 30 30 30 30 30 30 30 39 41 03   .0R40000000009A.	
[19/07/2016 16:46:10] Read data (COM5)	
    02 55 30 52 34 33 46 46 46 46 46 46 46 44 38 03   .U0R43FFFFFFFD8.	
[19/07/2016 16:46:10] Written data (COM5)	
    02 30 52 34 30 30 30 30 30 30 30 31 30 39 39 03   .0R400000001099.	
[19/07/2016 16:46:10] Read data (COM5)	
    02 55 30 52 34 43 30 30 30 30 30 30 30 36 32 03   .U0R4C000000062.	
[19/07/2016 16:46:10] Written data (COM5)	
    02 30 52 34 30 30 30 30 30 30 30 32 30 39 38 03   .0R400000002098.	
[19/07/2016 16:46:10] Read data (COM5)	
    02 55 30 52 34 30 30 30 30 30 30 36 34 36 42 03   .U0R4000000646B.	
[19/07/2016 16:46:10] Written data (COM5)	
    02 30 52 34 30 30 30 30 30 30 30 33 30 39 37 03   .0R400000003097.	
[19/07/2016 16:46:10] Read data (COM5)	
    02 55 30 52 34 46 46 46 46 42 31 37 43 46 30 03   .U0R4FFFFB17CF0.	
[19/07/2016 16:46:10] Written data (COM5)	
    02 30 52 34 30 30 30 30 30 30 30 34 30 39 36 03   .0R400000004096.	
[19/07/2016 16:46:10] Read data (COM5)	
    02 55 30 52 34 33 46 46 46 46 46 46 46 44 38 03   .U0R43FFFFFFFD8.	
[19/07/2016 16:46:10] Written data (COM5)	
    02 30 52 34 30 30 30 30 30 30 30 35 30 39 35 03   .0R400000005095.	
[19/07/2016 16:46:10] Read data (COM5)	
    02 55 30 52 34 43 30 30 30 30 30 30 30 36 32 03   .U0R4C000000062.	
[19/07/2016 16:46:10] Written data (COM5)	
    02 30 52 34 30 30 30 30 30 30 30 36 30 39 34 03   .0R400000006094.	
[19/07/2016 16:46:10] Read data (COM5)	
    02 55 30 52 34 30 30 30 30 30 30 30 37 36 45 03   .U0R4000000076E.	
[19/07/2016 16:46:10] Written data (COM5)	
    02 30 52 34 30 30 30 30 30 30 30 37 30 39 33 03   .0R400000007093.	
[19/07/2016 16:46:10] Read data (COM5)	
    02 55 30 52 34 30 30 30 30 30 30 30 30 37 35 03   .U0R40000000075.	
[19/07/2016 16:46:10] Written data (COM5)	
    02 30 52 34 30 30 30 30 30 30 30 38 30 39 32 03   .0R400000008092.	
[19/07/2016 16:46:10] Read data (COM5)	
    02 55 30 52 34 30 30 30 30 30 30 36 32 36 44 03   .U0R4000000626D.	
[19/07/2016 16:46:10] Written data (COM5)	
    02 30 52 34 30 30 30 30 30 30 30 39 30 39 31 03   .0R400000009091.	
[19/07/2016 16:46:10] Read data (COM5)	
    02 55 30 52 34 30 30 30 30 30 30 30 34 37 31 03   .U0R40000000471.	
[19/07/2016 16:46:10] Written data (COM5)	
    02 30 52 34 30 30 30 30 30 30 30 41 30 38 39 03   .0R40000000A089.	
[19/07/2016 16:46:10] Read data (COM5)	
    02 55 30 52 34 30 30 30 30 32 31 33 34 36 42 03   .U0R4000021346B.	
[19/07/2016 16:46:10] Written data (COM5)	
    02 30 52 34 30 30 30 30 30 30 30 42 30 38 38 03   .0R40000000B088.	
[19/07/2016 16:46:10] Read data (COM5)	
    02 55 30 52 34 30 30 30 30 30 33 45 38 35 35 03   .U0R4000003E855.	
[19/07/2016 16:46:10] Written data (COM5)	
    02 30 52 34 30 30 30 30 30 30 30 43 30 38 37 03   .0R40000000C087.	
[19/07/2016 16:46:10] Read data (COM5)	
    02 55 30 52 34 30 30 30 30 30 30 30 31 37 34 03   .U0R40000000174.	
[19/07/2016 16:46:10] Written data (COM5)	
    02 30 52 34 30 30 30 30 30 30 30 44 30 38 36 03   .0R40000000D086.	
[19/07/2016 16:46:10] Read data (COM5)	
    02 55 30 52 34 30 30 30 30 30 30 30 33 37 32 03   .U0R40000000372.	
[19/07/2016 16:46:10] Written data (COM5)	
    02 30 52 34 30 30 30 30 30 30 30 45 30 38 35 03   .0R40000000E085.	
[19/07/2016 16:46:10] Read data (COM5)	
    02 55 30 52 34 30 30 30 30 35 38 31 36 36 31 03   .U0R40000581661.	
[19/07/2016 16:46:10] Written data (COM5)	
    02 30 52 34 30 30 30 30 30 30 30 46 30 38 34 03   .0R40000000F084.	
[19/07/2016 16:46:10] Read data (COM5)	
    02 55 30 52 34 30 30 30 30 30 30 44 44 34 44 03   .U0R4000000DD4D.	
[19/07/2016 16:46:10] Written data (COM5)	
    02 30 52 34 30 30 30 30 30 30 31 30 30 39 39 03   .0R400000010099.	
[19/07/2016 16:46:10] Read data (COM5)	
    02 55 30 52 34 30 30 30 30 30 30 33 43 35 46 03   .U0R40000003C5F.	
[19/07/2016 16:46:10] Written data (COM5)	
    02 30 52 34 30 30 30 30 30 30 31 31 30 39 38 03   .0R400000011098.	
[19/07/2016 16:46:10] Read data (COM5)	
    02 55 30 52 34 30 30 30 30 30 30 46 46 34 39 03   .U0R4000000FF49.	
[19/07/2016 16:46:10] Written data (COM5)	
    02 30 52 34 30 30 30 30 30 30 31 32 30 39 37 03   .0R400000012097.	
[19/07/2016 16:46:10] Read data (COM5)	
    02 55 30 52 34 30 30 30 30 30 30 30 36 36 46 03   .U0R4000000066F.	
[19/07/2016 16:46:10] Written data (COM5)	
    02 30 52 34 30 30 30 30 30 30 31 33 30 39 36 03   .0R400000013096.	
[19/07/2016 16:46:10] Read data (COM5)	
    02 55 30 52 34 30 30 30 30 30 30 30 30 37 35 03   .U0R40000000075.	
[19/07/2016 16:46:10] Written data (COM5)	
    02 30 52 34 30 30 30 30 30 30 31 34 30 39 35 03   .0R400000014095.	
[19/07/2016 16:46:10] Read data (COM5)	
    02 55 30 52 34 30 30 30 30 30 30 30 30 37 35 03   .U0R40000000075.	
[19/07/2016 16:46:10] Written data (COM5)	
    02 30 52 34 30 30 30 30 30 30 31 35 30 39 34 03   .0R400000015094.	
[19/07/2016 16:46:10] Read data (COM5)	
    02 55 30 52 34 30 30 30 30 30 30 30 30 37 35 03   .U0R40000000075.	
[19/07/2016 16:46:10] Written data (COM5)	
    02 30 52 34 30 30 30 30 30 30 31 36 30 39 33 03   .0R400000016093.	
[19/07/2016 16:46:10] Read data (COM5)	
    02 55 30 52 34 30 30 30 30 30 30 30 30 37 35 03   .U0R40000000075.	
[19/07/2016 16:46:10] Written data (COM5)	
    02 30 52 34 30 30 30 30 30 30 31 37 30 39 32 03   .0R400000017092.	
[19/07/2016 16:46:10] Read data (COM5)	
    02 55 30 52 34 30 30 30 30 30 30 30 31 37 34 03   .U0R40000000174.	
[19/07/2016 16:46:10] Written data (COM5)	
    02 30 52 34 30 30 30 30 30 30 31 38 30 39 31 03   .0R400000018091.	
[19/07/2016 16:46:10] Read data (COM5)	
    02 55 30 52 34 30 30 30 30 30 30 30 30 37 35 03   .U0R40000000075.	
[19/07/2016 16:46:10] Written data (COM5)	
    02 30 52 34 30 30 30 30 30 30 31 39 30 39 30 03   .0R400000019090.	
[19/07/2016 16:46:10] Read data (COM5)	
    02 55 30 52 34 30 30 30 30 30 30 45 30 36 30 03   .U0R4000000E060.	
[19/07/2016 16:46:10] Written data (COM5)	
    02 30 52 34 30 30 30 30 30 30 31 41 30 38 38 03   .0R40000001A088.	
[19/07/2016 16:46:10] Read data (COM5)	
    02 55 30 52 34 30 30 30 30 33 31 41 39 35 37 03   .U0R4000031A957.	
[19/07/2016 16:46:10] Written data (COM5)	
    02 30 52 34 30 30 30 30 30 30 31 42 30 38 37 03   .0R40000001B087.	
[19/07/2016 16:46:10] Read data (COM5)	
    02 55 30 52 34 38 30 30 30 30 30 34 30 36 39 03   .U0R48000004069.	
[19/07/2016 16:46:10] Written data (COM5)	
    02 30 52 34 30 30 30 30 30 30 31 43 30 38 36 03   .0R40000001C086.	
[19/07/2016 16:46:10] Read data (COM5)	
    02 55 30 52 34 30 30 30 30 30 31 37 36 36 37 03   .U0R40000017667.	
[19/07/2016 16:46:10] Written data (COM5)	
    02 30 52 34 30 30 30 30 30 30 31 44 30 38 35 03   .0R40000001D085.	
[19/07/2016 16:46:10] Read data (COM5)	
    02 55 30 52 34 30 30 30 30 30 30 30 30 37 35 03   .U0R40000000075.	
[19/07/2016 16:46:10] Written data (COM5)	
    02 30 52 34 30 30 30 30 30 30 31 45 30 38 34 03   .0R40000001E084.	
[19/07/2016 16:46:11] Read data (COM5)	
    02 55 30 52 34 30 30 30 30 30 30 30 30 37 35 03   .U0R40000000075.	
[19/07/2016 16:46:11] Written data (COM5)	
    02 30 52 34 30 30 30 30 30 30 31 46 30 38 33 03   .0R40000001F083.	
[19/07/2016 16:46:11] Read data (COM5)	
    02 55 30 52 34 30 30 30 30 30 30 30 42 36 33 03   .U0R40000000B63.	
[19/07/2016 16:46:11] Written data (COM5)	
    02 30 52 34 30 30 30 30 36 38 30 30 30 38 43 03   .0R40000680008C.	
[19/07/2016 16:46:11] Read data (COM5)	
    02 55 30 52 34 33 30 33 39 30 30 33 32 36 31 03   .U0R43039003261.	
[19/07/2016 16:46:11] Written data (COM5)	
    02 30 52 34 30 30 30 46 46 44 34 42 30 34 34 03   .0R4000FFD4B044.	
[19/07/2016 16:46:11] Read data (COM5)	
    02 55 30 52 34 31 30 30 30 30 30 30 42 36 32 03   .U0R41000000B62.	
[19/07/2016 16:46:11] Written data (COM5)	
    02 30 52 34 30 30 30 46 46 44 34 36 30 35 30 03   .0R4000FFD46050.	
[19/07/2016 16:46:11] Read data (COM5)	
    02 55 30 52 34 46 46 46 46 46 46 46 41 43 41 03   .U0R4FFFFFFFACA.	
[19/07/2016 16:46:11] Written data (COM5)	
    02 30 52 34 30 30 30 30 37 43 30 30 30 38 30 03   .0R400007C00080.	
[19/07/2016 16:46:11] Read data (COM5)	
    02 55 30 52 34 30 30 30 30 30 30 30 30 37 35 03   .U0R40000000075.	
[19/07/2016 16:46:11] Written data (COM5)	
    02 30 52 34 30 30 30 30 36 43 30 34 30 37 44 03   .0R400006C0407D.	
[19/07/2016 16:46:11] Read data (COM5)	
    02 55 30 52 34 39 30 30 30 30 30 30 30 36 43 03   .U0R4900000006C.	
[19/07/2016 16:46:11] Written data (COM5)	
    02 30 6e 30 30 30 30 30 30 30 30 30 30 38 32 03   .0n000000000082.	
[19/07/2016 16:46:11] Read data (COM5)	
    02 55 30 6e 30 37 30 30 38 30 39 30 30 34 35 03   .U0n07008090045.	
[19/07/2016 16:46:11] Written data (COM5)	
    02 30 52 34 30 30 30 30 36 43 30 34 30 37 44 03   .0R400006C0407D.	
[19/07/2016 16:46:11] Read data (COM5)	
    02 55 30 52 34 39 30 30 30 30 30 30 30 36 43 03   .U0R4900000006C.	
[19/07/2016 16:46:11] Written data (COM5)	
    02 30 6e 30 30 30 30 30 30 30 30 30 30 38 32 03   .0n000000000082.	
[19/07/2016 16:46:11] Read data (COM5)	
    02 55 30 6e 30 37 30 30 38 30 39 30 30 34 35 03   .U0n07008090045.	
[19/07/2016 16:46:11] Written data (COM5)	
    02 30 52 34 30 30 30 30 36 43 30 34 30 37 44 03   .0R400006C0407D.	
[19/07/2016 16:46:11] Read data (COM5)	
    02 55 30 52 34 39 30 30 30 30 30 30 30 36 43 03   .U0R4900000006C.	
[19/07/2016 16:46:11] Written data (COM5)	
    02 30 6e 30 30 30 30 30 30 30 30 30 30 38 32 03   .0n000000000082.	
[19/07/2016 16:46:11] Read data (COM5)	
    02 55 30 6e 30 37 30 30 38 30 39 30 30 34 35 03   .U0n07008090045.	
[19/07/2016 16:46:11] Written data (COM5)	
    02 30 52 34 30 30 30 30 36 43 30 34 30 37 44 03   .0R400006C0407D.	
[19/07/2016 16:46:11] Read data (COM5)	
    02 55 30 52 34 39 30 30 30 30 30 30 30 36 43 03   .U0R4900000006C.	
[19/07/2016 16:46:11] Written data (COM5)	
    02 30 6e 30 30 30 30 30 30 30 30 30 30 38 32 03   .0n000000000082.	
[19/07/2016 16:46:11] Read data (COM5)	
    02 55 30 6e 30 37 30 30 38 30 39 30 30 34 35 03   .U0n07008090045.	
[19/07/2016 16:46:11] Written data (COM5)	
    02 30 52 34 30 30 30 30 36 43 30 34 30 37 44 03   .0R400006C0407D.	
[19/07/2016 16:46:11] Read data (COM5)	
    02 55 30 52 34 39 30 30 30 30 30 30 30 36 43 03   .U0R4900000006C.	
[19/07/2016 16:46:11] Written data (COM5)	
    02 30 6e 30 30 30 30 30 30 30 30 30 30 38 32 03   .0n000000000082.	
[19/07/2016 16:46:11] Read data (COM5)	
    02 55 30 6e 30 37 30 30 38 30 39 30 30 34 35 03   .U0n07008090045.	
[19/07/2016 16:46:11] Written data (COM5)	
    02 30 52 34 30 30 30 30 36 43 30 34 30 37 44 03   .0R400006C0407D.	
[19/07/2016 16:46:11] Read data (COM5)	
    02 55 30 52 34 39 30 30 30 30 30 30 30 36 43 03   .U0R4900000006C.	
[19/07/2016 16:46:11] Written data (COM5)	
    02 30 6e 30 30 30 30 30 30 30 30 30 30 38 32 03   .0n000000000082.	
[19/07/2016 16:46:11] Read data (COM5)	
    02 55 30 6e 30 37 30 30 38 30 39 30 30 34 35 03   .U0n07008090045.	
[19/07/2016 16:46:11] Written data (COM5)	
    02 30 52 34 30 30 30 30 36 43 30 34 30 37 44 03   .0R400006C0407D.	
[19/07/2016 16:46:11] Read data (COM5)	
    02 55 30 52 34 39 30 30 30 30 30 30 30 36 43 03   .U0R4900000006C.	
[19/07/2016 16:46:11] Written data (COM5)	
    02 30 6e 30 30 30 30 30 30 30 30 30 30 38 32 03   .0n000000000082.	
[19/07/2016 16:46:11] Read data (COM5)	
    02 55 30 6e 30 37 30 30 38 30 39 30 30 34 35 03   .U0n07008090045.	
[19/07/2016 16:46:11] Written data (COM5)	
    02 30 52 34 30 30 30 30 36 43 30 34 30 37 44 03   .0R400006C0407D.	
[19/07/2016 16:46:11] Read data (COM5)	
    02 55 30 52 34 39 30 30 30 30 30 30 30 36 43 03   .U0R4900000006C.	
[19/07/2016 16:46:11] Written data (COM5)	
    02 30 6e 30 30 30 30 30 30 30 30 30 30 38 32 03   .0n000000000082.	
[19/07/2016 16:46:11] Read data (COM5)	
    02 55 30 6e 30 37 30 30 38 30 39 30 30 34 35 03   .U0n07008090045.	
[19/07/2016 16:46:11] Written data (COM5)	
    02 30 52 34 30 30 30 30 36 43 30 34 30 37 44 03   .0R400006C0407D.	
[19/07/2016 16:46:11] Read data (COM5)	
    02 55 30 52 34 39 30 30 30 30 30 30 30 36 43 03   .U0R4900000006C.	
[19/07/2016 16:46:11] Written data (COM5)	
    02 30 6e 30 30 30 30 30 30 30 30 30 30 38 32 03   .0n000000000082.	
[19/07/2016 16:46:11] Read data (COM5)	
    02 55 30 6e 30 37 30 30 38 30 39 30 30 34 35 03   .U0n07008090045.	
[19/07/2016 16:46:11] Written data (COM5)	
    02 30 52 34 30 30 30 30 36 43 30 34 30 37 44 03   .0R400006C0407D.	
[19/07/2016 16:46:11] Read data (COM5)	
    02 55 30 52 34 39 30 30 30 30 30 30 30 36 43 03   .U0R4900000006C.	
[19/07/2016 16:46:11] Written data (COM5)	
    02 30 6e 30 30 30 30 30 30 30 30 30 30 38 32 03   .0n000000000082.	
[19/07/2016 16:46:11] Read data (COM5)	
    02 55 30 6e 30 37 30 30 38 30 39 30 30 34 35 03   .U0n07008090045.	
[19/07/2016 16:46:11] Written data (COM5)	
    02 30 52 34 30 30 30 30 36 43 30 34 30 37 44 03   .0R400006C0407D.	
[19/07/2016 16:46:11] Read data (COM5)	
    02 55 30 52 34 39 30 30 30 30 30 30 30 36 43 03   .U0R4900000006C.	
[19/07/2016 16:46:11] Written data (COM5)	
    02 30 6e 30 30 30 30 30 30 30 30 30 30 38 32 03   .0n000000000082.	
[19/07/2016 16:46:11] Read data (COM5)	
    02 55 30 6e 30 37 30 30 38 30 39 30 30 34 35 03   .U0n07008090045.	
[19/07/2016 16:46:11] Written data (COM5)	
    02 30 52 34 30 30 30 30 36 43 30 34 30 37 44 03   .0R400006C0407D.	
[19/07/2016 16:46:11] Read data (COM5)	
    02 55 30 52 34 39 30 30 30 30 30 30 30 36 43 03   .U0R4900000006C.	
[19/07/2016 16:46:11] Written data (COM5)	
    02 30 6e 30 30 30 30 30 30 30 30 30 30 38 32 03   .0n000000000082.	
[19/07/2016 16:46:11] Read data (COM5)	
    02 55 30 6e 30 37 30 30 38 30 39 30 30 34 35 03   .U0n07008090045.	
[19/07/2016 16:46:12] Written data (COM5)	
    02 30 52 34 30 30 30 30 36 43 30 34 30 37 44 03   .0R400006C0407D.	
[19/07/2016 16:46:12] Read data (COM5)	
    02 55 30 52 34 39 30 30 30 30 30 30 30 36 43 03   .U0R4900000006C.	
[19/07/2016 16:46:12] Written data (COM5)	
    02 30 6e 30 30 30 30 30 30 30 30 30 30 38 32 03   .0n000000000082.	
[19/07/2016 16:46:12] Read data (COM5)	
    02 55 30 6e 30 37 30 30 38 30 39 30 30 34 35 03   .U0n07008090045.	
[19/07/2016 16:46:12] Written data (COM5)	
    02 30 52 34 30 30 30 30 36 43 30 34 30 37 44 03   .0R400006C0407D.	
[19/07/2016 16:46:12] Read data (COM5)	
    02 55 30 52 34 39 30 30 30 30 30 30 30 36 43 03   .U0R4900000006C.	
[19/07/2016 16:46:12] Written data (COM5)	
    02 30 6e 30 30 30 30 30 30 30 30 30 30 38 32 03   .0n000000000082.	
[19/07/2016 16:46:12] Read data (COM5)	
    02 55 30 6e 30 37 30 30 38 30 39 30 30 34 35 03   .U0n07008090045.	
[19/07/2016 16:46:12] Written data (COM5)	
    02 30 52 34 30 30 30 30 36 43 30 34 30 37 44 03   .0R400006C0407D.	
[19/07/2016 16:46:12] Read data (COM5)	
    02 55 30 52 34 39 30 30 30 30 30 30 30 36 43 03   .U0R4900000006C.	
[19/07/2016 16:46:12] Written data (COM5)	
    02 30 6e 30 30 30 30 30 30 30 30 30 30 38 32 03   .0n000000000082.	
[19/07/2016 16:46:12] Read data (COM5)	
    02 55 30 6e 30 37 30 30 38 30 39 30 30 34 35 03   .U0n07008090045.	
[19/07/2016 16:46:12] Written data (COM5)	
    02 30 52 34 30 30 30 30 36 43 30 34 30 37 44 03   .0R400006C0407D.	
[19/07/2016 16:46:12] Read data (COM5)	
    02 55 30 52 34 39 30 30 30 30 30 30 30 36 43 03   .U0R4900000006C.	
[19/07/2016 16:46:12] Written data (COM5)	
    02 30 6e 30 30 30 30 30 30 30 30 30 30 38 32 03   .0n000000000082.	
[19/07/2016 16:46:12] Read data (COM5)	
    02 55 30 6e 30 37 30 30 38 30 39 30 30 34 35 03   .U0n07008090045.	
[19/07/2016 16:46:12] Written data (COM5)	
    02 30 52 34 30 30 30 30 36 43 30 34 30 37 44 03   .0R400006C0407D.	
[19/07/2016 16:46:12] Read data (COM5)	
    02 55 30 52 34 39 30 30 30 30 30 30 30 36 43 03   .U0R4900000006C.	
[19/07/2016 16:46:12] Written data (COM5)	
    02 30 6e 30 30 30 30 30 30 30 30 30 30 38 32 03   .0n000000000082.	
[19/07/2016 16:46:12] Read data (COM5)	
    02 55 30 6e 30 37 30 30 38 30 39 30 30 34 35 03   .U0n07008090045.	
[19/07/2016 16:46:12] Written data (COM5)	
    02 30 52 34 30 30 30 30 36 43 30 34 30 37 44 03   .0R400006C0407D.	
[19/07/2016 16:46:12] Read data (COM5)	
    02 55 30 52 34 39 30 30 30 30 30 30 30 36 43 03   .U0R4900000006C.	
[19/07/2016 16:46:12] Written data (COM5)	
    02 30 6e 30 30 30 30 30 30 30 30 30 30 38 32 03   .0n000000000082.	
[19/07/2016 16:46:12] Read data (COM5)	
    02 55 30 6e 30 37 30 30 38 30 39 30 30 34 35 03   .U0n07008090045.	
[19/07/2016 16:46:12] Written data (COM5)	
    02 30 52 34 30 30 30 30 36 43 30 34 30 37 44 03   .0R400006C0407D.	
[19/07/2016 16:46:12] Read data (COM5)	
    02 55 30 52 34 39 30 30 30 30 30 30 30 36 43 03   .U0R4900000006C.	
[19/07/2016 16:46:12] Written data (COM5)	
    02 30 6e 30 30 30 30 30 30 30 30 30 30 38 32 03   .0n000000000082.	
[19/07/2016 16:46:12] Read data (COM5)	
    02 55 30 6e 30 37 30 30 38 30 39 30 30 34 35 03   .U0n07008090045.	
[19/07/2016 16:46:12] Written data (COM5)	
    02 30 52 34 30 30 30 30 36 43 30 34 30 37 44 03   .0R400006C0407D.	
[19/07/2016 16:46:12] Read data (COM5)	
    02 55 30 52 34 39 30 30 30 30 30 30 30 36 43 03   .U0R4900000006C.	
[19/07/2016 16:46:12] Written data (COM5)	
    02 30 6e 30 30 30 30 30 30 30 30 30 30 38 32 03   .0n000000000082.	
[19/07/2016 16:46:12] Read data (COM5)	
    02 55 30 6e 30 37 30 30 38 30 39 30 30 34 35 03   .U0n07008090045.	
[19/07/2016 16:46:12] Written data (COM5)	
    02 30 52 34 30 30 30 30 36 43 30 34 30 37 44 03   .0R400006C0407D.	
[19/07/2016 16:46:12] Read data (COM5)	
    02 55 30 52 34 39 30 30 30 30 30 30 30 36 43 03   .U0R4900000006C.	
[19/07/2016 16:46:12] Written data (COM5)	
    02 30 6e 30 30 30 30 30 30 30 30 30 30 38 32 03   .0n000000000082.	
[19/07/2016 16:46:12] Read data (COM5)	
    02 55 30 6e 30 37 30 30 38 30 39 30 30 34 35 03   .U0n07008090045.	
[19/07/2016 16:46:12] Written data (COM5)	
    02 30 52 34 30 30 30 30 36 43 30 34 30 37 44 03   .0R400006C0407D.	
[19/07/2016 16:46:12] Read data (COM5)	
    02 55 30 52 34 39 30 30 30 30 30 30 30 36 43 03   .U0R4900000006C.	
[19/07/2016 16:46:12] Written data (COM5)	
    02 30 6e 30 30 30 30 30 30 30 30 30 30 38 32 03   .0n000000000082.	
[19/07/2016 16:46:12] Read data (COM5)	
    02 55 30 6e 30 37 30 30 38 30 39 30 30 34 35 03   .U0n07008090045.	
[19/07/2016 16:46:12] Written data (COM5)	
    02 30 52 34 30 30 30 30 36 43 30 34 30 37 44 03   .0R400006C0407D.	
[19/07/2016 16:46:12] Read data (COM5)	
    02 55 30 52 34 39 30 30 30 30 30 30 30 36 43 03   .U0R4900000006C.	
[19/07/2016 16:46:12] Written data (COM5)	
    02 30 6e 30 30 30 30 30 30 30 30 30 30 38 32 03   .0n000000000082.	
[19/07/2016 16:46:12] Read data (COM5)	
    02 55 30 6e 30 37 30 30 38 30 39 30 30 34 35 03   .U0n07008090045.	
[19/07/2016 16:46:12] Written data (COM5)	
    02 30 52 34 30 30 30 30 36 43 30 34 30 37 44 03   .0R400006C0407D.	
[19/07/2016 16:46:12] Read data (COM5)	
    02 55 30 52 34 39 30 30 30 30 30 30 30 36 43 03   .U0R4900000006C.	
[19/07/2016 16:46:12] Written data (COM5)	
    02 30 6e 30 30 30 30 30 30 30 30 30 30 38 32 03   .0n000000000082.	
[19/07/2016 16:46:12] Read data (COM5)	
    02 55 30 6e 30 37 30 30 38 30 39 30 30 34 35 03   .U0n07008090045.	
[19/07/2016 16:46:12] Written data (COM5)	
    02 30 52 34 30 30 30 30 36 43 30 34 30 37 44 03   .0R400006C0407D.	
[19/07/2016 16:46:12] Read data (COM5)	
    02 55 30 52 34 39 30 30 30 30 30 30 30 36 43 03   .U0R4900000006C.	
[19/07/2016 16:46:12] Written data (COM5)	
    02 30 6e 30 30 30 30 30 30 30 30 30 30 38 32 03   .0n000000000082.	
[19/07/2016 16:46:12] Read data (COM5)	
    02 55 30 6e 30 37 30 30 38 30 39 30 30 34 35 03   .U0n07008090045.	
[19/07/2016 16:46:12] Written data (COM5)	
    02 30 52 34 30 30 30 30 36 43 30 34 30 37 44 03   .0R400006C0407D.	
[19/07/2016 16:46:12] Read data (COM5)	
    02 55 30 52 34 39 30 30 30 30 30 30 30 36 43 03   .U0R4900000006C.	
[19/07/2016 16:46:12] Written data (COM5)	
    02 30 6e 30 30 30 30 30 30 30 30 30 30 38 32 03   .0n000000000082.	
[19/07/2016 16:46:12] Read data (COM5)	
    02 55 30 6e 30 37 30 30 38 30 39 30 30 34 35 03   .U0n07008090045.	
[19/07/2016 16:46:12] Written data (COM5)	
    02 30 52 34 30 30 30 30 36 43 30 34 30 37 44 03   .0R400006C0407D.	
[19/07/2016 16:46:12] Read data (COM5)	
    02 55 30 52 34 39 30 30 30 30 30 30 30 36 43 03   .U0R4900000006C.	
[19/07/2016 16:46:12] Written data (COM5)	
    02 30 6e 30 30 30 30 30 30 30 30 30 30 38 32 03   .0n000000000082.	
[19/07/2016 16:46:12] Read data (COM5)	
    02 55 30 6e 30 37 30 30 38 30 39 30 30 34 35 03   .U0n07008090045.	
[19/07/2016 16:46:12] Written data (COM5)	
    02 30 52 34 30 30 30 30 36 43 30 34 30 37 44 03   .0R400006C0407D.	
[19/07/2016 16:46:12] Read data (COM5)	
    02 55 30 52 34 39 30 30 30 30 30 30 30 36 43 03   .U0R4900000006C.	
[19/07/2016 16:46:12] Written data (COM5)	
    02 30 6e 30 30 30 30 30 30 30 30 30 30 38 32 03   .0n000000000082.	
[19/07/2016 16:46:12] Read data (COM5)	
    02 55 30 6e 30 37 30 30 38 30 39 30 30 34 35 03   .U0n07008090045.	
[19/07/2016 16:46:13] Written data (COM5)	
    02 30 52 34 30 30 30 30 36 43 30 34 30 37 44 03   .0R400006C0407D.	
[19/07/2016 16:46:13] Read data (COM5)	
    02 55 30 52 34 39 30 30 30 30 30 30 30 36 43 03   .U0R4900000006C.	
[19/07/2016 16:46:13] Written data (COM5)	
    02 30 6e 30 30 30 30 30 30 30 30 30 30 38 32 03   .0n000000000082.	
[19/07/2016 16:46:13] Read data (COM5)	
    02 55 30 6e 30 37 30 30 38 30 39 30 30 34 35 03   .U0n07008090045.	
[19/07/2016 16:46:13] Written data (COM5)	
    02 30 52 34 30 30 30 30 36 43 30 34 30 37 44 03   .0R400006C0407D.	
[19/07/2016 16:46:13] Read data (COM5)	
    02 55 30 52 34 39 30 30 30 30 30 30 30 36 43 03   .U0R4900000006C.	
[19/07/2016 16:46:13] Written data (COM5)	
    02 30 6e 30 30 30 30 30 30 30 30 30 30 38 32 03   .0n000000000082.	
[19/07/2016 16:46:13] Read data (COM5)	
    02 55 30 6e 30 37 30 30 38 30 39 30 30 34 35 03   .U0n07008090045.	
[19/07/2016 16:46:13] Written data (COM5)	
    02 30 52 34 30 30 30 30 36 43 30 34 30 37 44 03   .0R400006C0407D.	
[19/07/2016 16:46:13] Read data (COM5)	
    02 55 30 52 34 39 30 30 30 30 30 30 30 36 43 03   .U0R4900000006C.	
[19/07/2016 16:46:13] Written data (COM5)	
    02 30 6e 30 30 30 30 30 30 30 30 30 30 38 32 03   .0n000000000082.	
[19/07/2016 16:46:13] Read data (COM5)	
    02 55 30 6e 30 37 30 30 38 30 39 30 30 34 35 03   .U0n07008090045.	
[19/07/2016 16:46:13] Written data (COM5)	
    02 30 52 34 30 30 30 30 36 43 30 34 30 37 44 03   .0R400006C0407D.	
[19/07/2016 16:46:13] Read data (COM5)	
    02 55 30 52 34 39 30 30 30 30 30 30 30 36 43 03   .U0R4900000006C.	
[19/07/2016 16:46:13] Written data (COM5)	
    02 30 6e 30 30 30 30 30 30 30 30 30 30 38 32 03   .0n000000000082.	
[19/07/2016 16:46:13] Read data (COM5)	
    02 55 30 6e 30 37 30 30 38 30 39 30 30 34 35 03   .U0n07008090045.	
[19/07/2016 16:46:13] Written data (COM5)	
    02 30 52 34 30 30 30 30 36 43 30 34 30 37 44 03   .0R400006C0407D.	
[19/07/2016 16:46:13] Read data (COM5)	
    02 55 30 52 34 39 30 30 30 30 30 30 30 36 43 03   .U0R4900000006C.	
[19/07/2016 16:46:13] Written data (COM5)	
    02 30 6e 30 30 30 30 30 30 30 30 30 30 38 32 03   .0n000000000082.	
[19/07/2016 16:46:13] Read data (COM5)	
    02 55 30 6e 30 37 30 30 38 30 39 30 30 34 35 03   .U0n07008090045.	
[19/07/2016 16:46:13] Written data (COM5)	
    02 30 52 34 30 30 30 30 36 43 30 34 30 37 44 03   .0R400006C0407D.	
[19/07/2016 16:46:13] Read data (COM5)	
    02 55 30 52 34 39 30 30 30 30 30 30 30 36 43 03   .U0R4900000006C.	
[19/07/2016 16:46:13] Written data (COM5)	
    02 30 6e 30 30 30 30 30 30 30 30 30 30 38 32 03   .0n000000000082.	
[19/07/2016 16:46:13] Read data (COM5)	
    02 55 30 6e 30 37 30 30 38 30 39 30 30 34 35 03   .U0n07008090045.	
[19/07/2016 16:46:13] Written data (COM5)	
    02 30 52 34 30 30 30 30 36 43 30 34 30 37 44 03   .0R400006C0407D.	
[19/07/2016 16:46:13] Read data (COM5)	
    02 55 30 52 34 39 30 30 30 30 30 30 30 36 43 03   .U0R4900000006C.	
[19/07/2016 16:46:13] Written data (COM5)	
    02 30 6e 30 30 30 30 30 30 30 30 30 30 38 32 03   .0n000000000082.	
[19/07/2016 16:46:13] Read data (COM5)	
    02 55 30 6e 30 37 30 30 38 30 39 30 30 34 35 03   .U0n07008090045.	
[19/07/2016 16:46:13] Written data (COM5)	
    02 30 52 34 30 30 30 30 36 43 30 34 30 37 44 03   .0R400006C0407D.	
[19/07/2016 16:46:13] Read data (COM5)	
    02 55 30 52 34 39 30 30 30 30 30 30 30 36 43 03   .U0R4900000006C.	
[19/07/2016 16:46:13] Written data (COM5)	
    02 30 6e 30 30 30 30 30 30 30 30 30 30 38 32 03   .0n000000000082.	
[19/07/2016 16:46:13] Read data (COM5)	
    02 55 30 6e 30 37 30 30 38 30 39 30 30 34 35 03   .U0n07008090045.	
[19/07/2016 16:46:13] Written data (COM5)	
    02 30 52 34 30 30 30 30 36 43 30 34 30 37 44 03   .0R400006C0407D.	
[19/07/2016 16:46:13] Read data (COM5)	
    02 55 30 52 34 39 30 30 30 30 30 30 30 36 43 03   .U0R4900000006C.	
[19/07/2016 16:46:13] Written data (COM5)	
    02 30 6e 30 30 30 30 30 30 30 30 30 30 38 32 03   .0n000000000082.	
[19/07/2016 16:46:13] Read data (COM5)	
    02 55 30 6e 30 37 30 30 38 30 39 30 30 34 35 03   .U0n07008090045.	
[19/07/2016 16:46:13] Written data (COM5)	
    02 30 52 34 30 30 30 30 36 43 30 34 30 37 44 03   .0R400006C0407D.	
[19/07/2016 16:46:13] Read data (COM5)	
    02 55 30 52 34 39 30 30 30 30 30 30 30 36 43 03   .U0R4900000006C.	
[19/07/2016 16:46:13] Written data (COM5)	
    02 30 6e 30 30 30 30 30 30 30 30 30 30 38 32 03   .0n000000000082.	
[19/07/2016 16:46:13] Read data (COM5)	
    02 55 30 6e 30 37 30 30 38 30 39 30 30 34 35 03   .U0n07008090045.	
[19/07/2016 16:46:13] Written data (COM5)	
    02 30 52 34 30 30 30 30 36 43 30 34 30 37 44 03   .0R400006C0407D.	
[19/07/2016 16:46:13] Read data (COM5)	
    02 55 30 52 34 39 30 30 30 30 30 30 30 36 43 03   .U0R4900000006C.	
[19/07/2016 16:46:13] Written data (COM5)	
    02 30 6e 30 30 30 30 30 30 30 30 30 30 38 32 03   .0n000000000082.	
[19/07/2016 16:46:13] Read data (COM5)	
    02 55 30 6e 30 37 30 30 38 30 39 30 30 34 35 03   .U0n07008090045.	
[19/07/2016 16:46:13] Written data (COM5)	
    02 30 52 34 30 30 30 30 36 43 30 34 30 37 44 03   .0R400006C0407D.	
[19/07/2016 16:46:13] Read data (COM5)	
    02 55 30 52 34 39 30 30 30 30 30 30 30 36 43 03   .U0R4900000006C.	
[19/07/2016 16:46:13] Written data (COM5)	
    02 30 6e 30 30 30 30 30 30 30 30 30 30 38 32 03   .0n000000000082.	
[19/07/2016 16:46:13] Read data (COM5)	
    02 55 30 6e 30 37 30 30 38 30 39 30 30 34 35 03   .U0n07008090045.	
[19/07/2016 16:46:13] Written data (COM5)	
    02 30 52 34 30 30 30 30 36 43 30 34 30 37 44 03   .0R400006C0407D.	
[19/07/2016 16:46:13] Read data (COM5)	
    02 55 30 52 34 39 30 30 30 30 30 30 30 36 43 03   .U0R4900000006C.	
[19/07/2016 16:46:13] Written data (COM5)	
    02 30 6e 30 30 30 30 30 30 30 30 30 30 38 32 03   .0n000000000082.	
[19/07/2016 16:46:13] Read data (COM5)	
    02 55 30 6e 30 37 30 30 38 30 39 30 30 34 35 03   .U0n07008090045.	
[19/07/2016 16:46:13] Written data (COM5)	
    02 30 52 34 30 30 30 30 36 43 30 34 30 37 44 03   .0R400006C0407D.	
[19/07/2016 16:46:13] Read data (COM5)	
    02 55 30 52 34 39 30 30 30 30 30 30 30 36 43 03   .U0R4900000006C.	
[19/07/2016 16:46:13] Written data (COM5)	
    02 30 6e 30 30 30 30 30 30 30 30 30 30 38 32 03   .0n000000000082.	
[19/07/2016 16:46:13] Read data (COM5)	
    02 55 30 6e 30 37 30 30 38 30 39 30 30 34 35 03   .U0n07008090045.	
[19/07/2016 16:46:13] Written data (COM5)	
    02 30 52 34 30 30 30 30 36 43 30 34 30 37 44 03   .0R400006C0407D.	
[19/07/2016 16:46:13] Read data (COM5)	
    02 55 30 52 34 39 30 30 30 30 30 30 30 36 43 03   .U0R4900000006C.	
[19/07/2016 16:46:13] Written data (COM5)	
    02 30 6e 30 30 30 30 30 30 30 30 30 30 38 32 03   .0n000000000082.	
[19/07/2016 16:46:13] Read data (COM5)	
    02 55 30 6e 30 37 30 30 38 30 39 30 30 34 35 03   .U0n07008090045.	
[19/07/2016 16:46:13] Written data (COM5)	
    02 30 52 34 30 30 30 30 36 43 30 34 30 37 44 03   .0R400006C0407D.	
[19/07/2016 16:46:13] Read data (COM5)	
    02 55 30 52 34 39 30 30 30 30 30 30 30 36 43 03   .U0R4900000006C.	
[19/07/2016 16:46:13] Written data (COM5)	
    02 30 6e 30 30 30 30 30 30 30 30 30 30 38 32 03   .0n000000000082.	
[19/07/2016 16:46:13] Read data (COM5)	
    02 55 30 6e 30 37 30 30 38 30 39 30 30 34 35 03   .U0n07008090045.	
[19/07/2016 16:46:13] Written data (COM5)	
    02 30 52 34 30 30 30 30 36 43 30 34 30 37 44 03   .0R400006C0407D.	
[19/07/2016 16:46:13] Read data (COM5)	
    02 55 30 52 34 39 30 30 30 30 30 30 30 36 43 03   .U0R4900000006C.	
[19/07/2016 16:46:14] Written data (COM5)	
    02 30 6e 30 30 30 30 30 30 30 30 30 30 38 32 03   .0n000000000082.	
[19/07/2016 16:46:14] Read data (COM5)	
    02 55 30 6e 30 37 30 30 38 30 39 30 30 34 35 03   .U0n07008090045.	
[19/07/2016 16:46:14] Written data (COM5)	
    02 30 52 34 30 30 30 30 36 43 30 34 30 37 44 03   .0R400006C0407D.	
[19/07/2016 16:46:14] Read data (COM5)	
    02 55 30 52 34 39 30 30 30 30 30 30 30 36 43 03   .U0R4900000006C.	
[19/07/2016 16:46:14] Written data (COM5)	
    02 30 6e 30 30 30 30 30 30 30 30 30 30 38 32 03   .0n000000000082.	
[19/07/2016 16:46:14] Read data (COM5)	
    02 55 30 6e 30 37 30 30 38 30 39 30 30 34 35 03   .U0n07008090045.	
[19/07/2016 16:46:14] Written data (COM5)	
    02 30 52 34 30 30 30 30 36 43 30 34 30 37 44 03   .0R400006C0407D.	
[19/07/2016 16:46:14] Read data (COM5)	
    02 55 30 52 34 39 30 30 30 30 30 30 30 36 43 03   .U0R4900000006C.	
[19/07/2016 16:46:14] Written data (COM5)	
    02 30 6e 30 30 30 30 30 30 30 30 30 30 38 32 03   .0n000000000082.	
[19/07/2016 16:46:14] Read data (COM5)	
    02 55 30 6e 30 37 30 30 38 30 39 30 30 34 35 03   .U0n07008090045.	
[19/07/2016 16:46:14] Written data (COM5)	
    02 30 52 34 30 30 30 30 36 43 30 34 30 37 44 03   .0R400006C0407D.	
[19/07/2016 16:46:14] Read data (COM5)	
    02 55 30 52 34 39 30 30 30 30 30 30 30 36 43 03   .U0R4900000006C.	
[19/07/2016 16:46:14] Written data (COM5)	
    02 30 6e 30 30 30 30 30 30 30 30 30 30 38 32 03   .0n000000000082.	
[19/07/2016 16:46:14] Read data (COM5)	
    02 55 30 6e 30 37 30 30 38 30 39 30 30 34 35 03   .U0n07008090045.	
[19/07/2016 16:46:14] Written data (COM5)	
    02 30 52 34 30 30 30 30 36 43 30 34 30 37 44 03   .0R400006C0407D.	
[19/07/2016 16:46:14] Read data (COM5)	
    02 55 30 52 34 39 30 30 30 30 30 30 30 36 43 03   .U0R4900000006C.	
[19/07/2016 16:46:14] Written data (COM5)	
    02 30 6e 30 30 30 30 30 30 30 30 30 30 38 32 03   .0n000000000082.	
[19/07/2016 16:46:14] Read data (COM5)	
    02 55 30 6e 30 37 30 30 38 30 39 30 30 34 35 03   .U0n07008090045.	
[19/07/2016 16:46:14] Written data (COM5)	
    02 30 52 34 30 30 30 30 36 43 30 34 30 37 44 03   .0R400006C0407D.	
[19/07/2016 16:46:14] Read data (COM5)	
    02 55 30 52 34 39 30 30 30 30 30 30 30 36 43 03   .U0R4900000006C.	
[19/07/2016 16:46:14] Written data (COM5)	
    02 30 6e 30 30 30 30 30 30 30 30 30 30 38 32 03   .0n000000000082.	
[19/07/2016 16:46:14] Read data (COM5)	
    02 55 30 6e 30 37 30 30 38 30 39 30 30 34 35 03   .U0n07008090045.	
[19/07/2016 16:46:14] Written data (COM5)	
    02 30 52 34 30 30 30 30 36 43 30 34 30 37 44 03   .0R400006C0407D.	
[19/07/2016 16:46:14] Read data (COM5)	
    02 55 30 52 34 39 30 30 30 30 30 30 30 36 43 03   .U0R4900000006C.	
[19/07/2016 16:46:14] Written data (COM5)	
    02 30 6e 30 30 30 30 30 30 30 30 30 30 38 32 03   .0n000000000082.	
[19/07/2016 16:46:14] Read data (COM5)	
    02 55 30 6e 30 37 30 30 38 30 39 30 30 34 35 03   .U0n07008090045.	
[19/07/2016 16:46:14] Written data (COM5)	
    02 30 52 34 30 30 30 30 36 43 30 34 30 37 44 03   .0R400006C0407D.	
[19/07/2016 16:46:14] Read data (COM5)	
    02 55 30 52 34 39 30 30 30 30 30 30 30 36 43 03   .U0R4900000006C.	
[19/07/2016 16:46:14] Written data (COM5)	
    02 30 6e 30 30 30 30 30 30 30 30 30 30 38 32 03   .0n000000000082.	
[19/07/2016 16:46:14] Read data (COM5)	
    02 55 30 6e 30 37 30 30 38 30 39 30 30 34 35 03   .U0n07008090045.	
[19/07/2016 16:46:14] Written data (COM5)	
    02 30 52 34 30 30 30 30 36 43 30 34 30 37 44 03   .0R400006C0407D.	
[19/07/2016 16:46:14] Read data (COM5)	
    02 55 30 52 34 39 30 30 30 30 30 30 30 36 43 03   .U0R4900000006C.	
[19/07/2016 16:46:14] Written data (COM5)	
    02 30 6e 30 30 30 30 30 30 30 30 30 30 38 32 03   .0n000000000082.	
[19/07/2016 16:46:14] Read data (COM5)	
    02 55 30 6e 30 37 30 30 38 30 39 30 30 34 35 03   .U0n07008090045.	
[19/07/2016 16:46:14] Written data (COM5)	
    02 30 52 34 30 30 30 30 36 43 30 34 30 37 44 03   .0R400006C0407D.	
[19/07/2016 16:46:14] Read data (COM5)	
    02 55 30 52 34 39 30 30 30 30 30 30 30 36 43 03   .U0R4900000006C.	
[19/07/2016 16:46:14] Written data (COM5)	
    02 30 6e 30 30 30 30 30 30 30 30 30 30 38 32 03   .0n000000000082.	
[19/07/2016 16:46:14] Read data (COM5)	
    02 55 30 6e 30 37 30 30 38 30 39 30 30 34 35 03   .U0n07008090045.	
[19/07/2016 16:46:14] Written data (COM5)	
    02 30 52 34 30 30 30 30 36 43 30 34 30 37 44 03   .0R400006C0407D.	
[19/07/2016 16:46:14] Read data (COM5)	
    02 55 30 52 34 39 30 30 30 30 30 30 30 36 43 03   .U0R4900000006C.	
[19/07/2016 16:46:14] Written data (COM5)	
    02 30 6e 30 30 30 30 30 30 30 30 30 30 38 32 03   .0n000000000082.	
[19/07/2016 16:46:14] Read data (COM5)	
    02 55 30 6e 30 37 30 30 38 30 39 30 30 34 35 03   .U0n07008090045.	
[19/07/2016 16:46:14] Written data (COM5)	
    02 30 52 34 30 30 30 30 36 43 30 34 30 37 44 03   .0R400006C0407D.	
[19/07/2016 16:46:14] Read data (COM5)	
    02 55 30 52 34 39 30 30 30 30 30 30 30 36 43 03   .U0R4900000006C.	
[19/07/2016 16:46:14] Written data (COM5)	
    02 30 6e 30 30 30 30 30 30 30 30 30 30 38 32 03   .0n000000000082.	
[19/07/2016 16:46:14] Read data (COM5)	
    02 55 30 6e 30 37 30 30 38 30 39 30 30 34 35 03   .U0n07008090045.	
[19/07/2016 16:46:14] Written data (COM5)	
    02 30 52 34 30 30 30 30 36 43 30 34 30 37 44 03   .0R400006C0407D.	
[19/07/2016 16:46:14] Read data (COM5)	
    02 55 30 52 34 39 30 30 30 30 30 30 30 36 43 03   .U0R4900000006C.	
[19/07/2016 16:46:14] Written data (COM5)	
    02 30 6e 30 30 30 30 30 30 30 30 30 30 38 32 03   .0n000000000082.	
[19/07/2016 16:46:14] Read data (COM5)	
    02 55 30 6e 30 37 30 30 38 30 39 30 30 34 35 03   .U0n07008090045.	
[19/07/2016 16:46:14] Written data (COM5)	
    02 30 52 34 30 30 30 30 36 43 30 34 30 37 44 03   .0R400006C0407D.	
[19/07/2016 16:46:14] Read data (COM5)	
    02 55 30 52 34 39 30 30 30 30 30 30 30 36 43 03   .U0R4900000006C.	
[19/07/2016 16:46:14] Written data (COM5)	
    02 30 6e 30 30 30 30 30 30 30 30 30 30 38 32 03   .0n000000000082.	
[19/07/2016 16:46:14] Read data (COM5)	
    02 55 30 6e 30 37 30 30 38 30 39 30 30 34 35 03   .U0n07008090045.	
[19/07/2016 16:46:14] Written data (COM5)	
    02 30 52 34 30 30 30 30 36 43 30 34 30 37 44 03   .0R400006C0407D.	
[19/07/2016 16:46:14] Read data (COM5)	
    02 55 30 52 34 39 30 30 30 30 30 30 30 36 43 03   .U0R4900000006C.	
[19/07/2016 16:46:14] Written data (COM5)	
    02 30 6e 30 30 30 30 30 30 30 30 30 30 38 32 03   .0n000000000082.	
[19/07/2016 16:46:14] Read data (COM5)	
    02 55 30 6e 30 37 30 30 38 30 39 30 30 34 35 03   .U0n07008090045.	
[19/07/2016 16:46:15] Written data (COM5)	
    02 30 52 34 30 30 30 30 36 43 30 34 30 37 44 03   .0R400006C0407D.	
[19/07/2016 16:46:15] Read data (COM5)	
    02 55 30 52 34 39 30 30 30 30 30 30 30 36 43 03   .U0R4900000006C.	
[19/07/2016 16:46:15] Written data (COM5)	
    02 30 6e 30 30 30 30 30 30 30 30 30 30 38 32 03   .0n000000000082.	
[19/07/2016 16:46:15] Read data (COM5)	
    02 55 30 6e 30 37 30 30 38 30 39 30 30 34 35 03   .U0n07008090045.	
[19/07/2016 16:46:15] Written data (COM5)	
    02 30 52 34 30 30 30 30 36 43 30 34 30 37 44 03   .0R400006C0407D.	
[19/07/2016 16:46:15] Read data (COM5)	
    02 55 30 52 34 39 30 30 30 30 30 30 30 36 43 03   .U0R4900000006C.	
[19/07/2016 16:46:15] Written data (COM5)	
    02 30 6e 30 30 30 30 30 30 30 30 30 30 38 32 03   .0n000000000082.	
[19/07/2016 16:46:15] Read data (COM5)	
    02 55 30 6e 30 37 30 30 38 30 39 30 30 34 35 03   .U0n07008090045.	
[19/07/2016 16:46:15] Written data (COM5)	
    02 30 52 34 30 30 30 30 36 43 30 34 30 37 44 03   .0R400006C0407D.	
[19/07/2016 16:46:15] Read data (COM5)	
    02 55 30 52 34 39 30 30 30 30 30 30 30 36 43 03   .U0R4900000006C.	
[19/07/2016 16:46:15] Written data (COM5)	
    02 30 6e 30 30 30 30 30 30 30 30 30 30 38 32 03   .0n000000000082.	
[19/07/2016 16:46:15] Read data (COM5)	
    02 55 30 6e 30 37 30 30 38 30 39 30 30 34 35 03   .U0n07008090045.	
[19/07/2016 16:46:15] Written data (COM5)	
    02 30 52 34 30 30 30 30 36 43 30 34 30 37 44 03   .0R400006C0407D.	
[19/07/2016 16:46:15] Read data (COM5)	
    02 55 30 52 34 39 30 30 30 30 30 30 30 36 43 03   .U0R4900000006C.	
[19/07/2016 16:46:15] Written data (COM5)	
    02 30 6e 30 30 30 30 30 30 30 30 30 30 38 32 03   .0n000000000082.	
[19/07/2016 16:46:15] Read data (COM5)	
    02 55 30 6e 30 37 30 30 38 30 39 30 30 34 35 03   .U0n07008090045.	
[19/07/2016 16:46:15] Written data (COM5)	
    02 30 52 34 30 30 30 30 36 43 30 34 30 37 44 03   .0R400006C0407D.	
[19/07/2016 16:46:15] Read data (COM5)	
    02 55 30 52 34 39 30 30 30 30 30 30 30 36 43 03   .U0R4900000006C.	
[19/07/2016 16:46:15] Written data (COM5)	
    02 30 6e 30 30 30 30 30 30 30 30 30 30 38 32 03   .0n000000000082.	
[19/07/2016 16:46:15] Read data (COM5)	
    02 55 30 6e 30 37 30 30 38 30 39 30 30 34 35 03   .U0n07008090045.	
[19/07/2016 16:46:15] Written data (COM5)	
    02 30 52 34 30 30 30 30 36 43 30 34 30 37 44 03   .0R400006C0407D.	
[19/07/2016 16:46:15] Read data (COM5)	
    02 55 30 52 34 39 30 30 30 30 30 30 30 36 43 03   .U0R4900000006C.	
[19/07/2016 16:46:15] Written data (COM5)	
    02 30 6e 30 30 30 30 30 30 30 30 30 30 38 32 03   .0n000000000082.	
[19/07/2016 16:46:15] Read data (COM5)	
    02 55 30 6e 30 37 30 30 38 30 39 30 30 34 35 03   .U0n07008090045.	
[19/07/2016 16:46:15] Written data (COM5)	
    02 30 52 34 30 30 30 30 36 43 30 34 30 37 44 03   .0R400006C0407D.	
[19/07/2016 16:46:15] Read data (COM5)	
    02 55 30 52 34 39 30 30 30 30 30 30 30 36 43 03   .U0R4900000006C.	
[19/07/2016 16:46:15] Written data (COM5)	
    02 30 6e 30 30 30 30 30 30 30 30 30 30 38 32 03   .0n000000000082.	
[19/07/2016 16:46:15] Read data (COM5)	
    02 55 30 6e 30 37 30 30 38 30 39 30 30 34 35 03   .U0n07008090045.	
[19/07/2016 16:46:15] Written data (COM5)	
    02 30 52 34 30 30 30 30 36 43 30 34 30 37 44 03   .0R400006C0407D.	
[19/07/2016 16:46:15] Read data (COM5)	
    02 55 30 52 34 39 30 30 30 30 30 30 30 36 43 03   .U0R4900000006C.	
[19/07/2016 16:46:15] Written data (COM5)	
    02 30 6e 30 30 30 30 30 30 30 30 30 30 38 32 03   .0n000000000082.	
[19/07/2016 16:46:15] Read data (COM5)	
    02 55 30 6e 30 37 30 30 38 30 39 30 30 34 35 03   .U0n07008090045.	
[19/07/2016 16:46:15] Written data (COM5)	
    02 30 52 34 30 30 30 30 36 43 30 34 30 37 44 03   .0R400006C0407D.	
[19/07/2016 16:46:15] Read data (COM5)	
    02 55 30 52 34 39 30 30 30 30 30 30 30 36 43 03   .U0R4900000006C.	
[19/07/2016 16:46:15] Written data (COM5)	
    02 30 6e 30 30 30 30 30 30 30 30 30 30 38 32 03   .0n000000000082.	
[19/07/2016 16:46:15] Read data (COM5)	
    02 55 30 6e 30 37 30 30 38 30 39 30 30 34 35 03   .U0n07008090045.	
[19/07/2016 16:46:15] Written data (COM5)	
    02 30 52 34 30 30 30 30 36 43 30 34 30 37 44 03   .0R400006C0407D.	
[19/07/2016 16:46:15] Read data (COM5)	
    02 55 30 52 34 39 30 30 30 30 30 30 30 36 43 03   .U0R4900000006C.	
[19/07/2016 16:46:15] Written data (COM5)	
    02 30 6e 30 30 30 30 30 30 30 30 30 30 38 32 03   .0n000000000082.	
[19/07/2016 16:46:15] Read data (COM5)	
    02 55 30 6e 30 37 30 30 38 30 39 30 30 34 35 03   .U0n07008090045.	
[19/07/2016 16:46:15] Written data (COM5)	
    02 30 52 34 30 30 30 30 36 43 30 34 30 37 44 03   .0R400006C0407D.	
[19/07/2016 16:46:15] Read data (COM5)	
    02 55 30 52 34 39 30 30 30 30 30 30 30 36 43 03   .U0R4900000006C.	
[19/07/2016 16:46:15] Written data (COM5)	
    02 30 6e 30 30 30 30 30 30 30 30 30 30 38 32 03   .0n000000000082.	
[19/07/2016 16:46:15] Read data (COM5)	
    02 55 30 6e 30 37 30 30 38 30 39 30 30 34 35 03   .U0n07008090045.	
[19/07/2016 16:46:15] Written data (COM5)	
    02 30 52 34 30 30 30 30 36 43 30 34 30 37 44 03   .0R400006C0407D.	
[19/07/2016 16:46:15] Read data (COM5)	
    02 55 30 52 34 39 30 30 30 30 30 30 30 36 43 03   .U0R4900000006C.	
[19/07/2016 16:46:15] Written data (COM5)	
    02 30 6e 30 30 30 30 30 30 30 30 30 30 38 32 03   .0n000000000082.	
[19/07/2016 16:46:15] Read data (COM5)	
    02 55 30 6e 30 37 30 30 38 30 39 30 30 34 35 03   .U0n07008090045.	
[19/07/2016 16:46:15] Written data (COM5)	
    02 30 52 34 30 30 30 30 36 43 30 34 30 37 44 03   .0R400006C0407D.	
[19/07/2016 16:46:15] Read data (COM5)	
    02 55 30 52 34 39 30 30 30 30 30 30 30 36 43 03   .U0R4900000006C.	
[19/07/2016 16:46:15] Written data (COM5)	
    02 30 6e 30 30 30 30 30 30 30 30 30 30 38 32 03   .0n000000000082.	
[19/07/2016 16:46:15] Read data (COM5)	
    02 55 30 6e 30 37 30 30 38 30 39 30 30 34 35 03   .U0n07008090045.	
[19/07/2016 16:46:15] Written data (COM5)	
    02 30 52 34 30 30 30 30 36 43 30 34 30 37 44 03   .0R400006C0407D.	
[19/07/2016 16:46:15] Read data (COM5)	
    02 55 30 52 34 39 30 30 30 30 30 30 30 36 43 03   .U0R4900000006C.	
[19/07/2016 16:46:15] Written data (COM5)	
    02 30 6e 30 30 30 30 30 30 30 30 30 30 38 32 03   .0n000000000082.	
[19/07/2016 16:46:15] Read data (COM5)	
    02 55 30 6e 30 37 30 30 38 30 39 30 30 34 35 03   .U0n07008090045.	
[19/07/2016 16:46:15] Written data (COM5)	
    02 30 52 34 30 30 30 30 36 43 30 34 30 37 44 03   .0R400006C0407D.	
[19/07/2016 16:46:15] Read data (COM5)	
    02 55 30 52 34 39 30 30 30 30 30 30 30 36 43 03   .U0R4900000006C.	
[19/07/2016 16:46:15] Written data (COM5)	
    02 30 6e 30 30 30 30 30 30 30 30 30 30 38 32 03   .0n000000000082.	
[19/07/2016 16:46:15] Read data (COM5)	
    02 55 30 6e 30 37 30 30 38 30 39 30 30 34 35 03   .U0n07008090045.	
[19/07/2016 16:46:15] Written data (COM5)	
    02 30 52 34 30 30 30 30 36 43 30 34 30 37 44 03   .0R400006C0407D.	
[19/07/2016 16:46:15] Read data (COM5)	
    02 55 30 52 34 39 30 30 30 30 30 30 30 36 43 03   .U0R4900000006C.	
[19/07/2016 16:46:15] Written data (COM5)	
    02 30 6e 30 30 30 30 30 30 30 30 30 30 38 32 03   .0n000000000082.	
[19/07/2016 16:46:15] Read data (COM5)	
    02 55 30 6e 30 37 30 30 38 30 39 30 30 34 35 03   .U0n07008090045.	
[19/07/2016 16:46:17] - Close port COM5	
	
[19/07/2016 16:46:36] - Open port COM5 (C:\Program Files (x86)\COMDebug.exe)	
	
[19/07/2016 16:46:45] Written data (COM5)	
    0d 0a 02 31 6f 30 37 30 30 30 30 30 30 30 30 37   ...1o07000000007	
    39 03                                             9.              	
[19/07/2016 16:46:45] Read data (COM5)	
    02 55 31 6f 30 37 30 30 38 30 39 30 30 34 33 03   .U1o07008090043.	
