[11:20:02:110] Written data (COM3) 
    02 32 51 31 30 31 30 30 30 30 30 30 30 39 42 03   .2Q10100000009B. 
[11:20:02:117] Read data (COM3) 
    02 55 32 51 30 37 30 30 38 30 39 30 30 36 30 03   .U2Q07008090060. 
[11:20:02:119] Written data (COM3) 
    02 32 52 34 30 30 30 30 30 34 30 30 30 39 34 03   .2R400000400094. 
[11:20:02:125] Read data (COM3) 
    02 55 32 52 34 30 30 30 30 30 30 30 30 37 33 03   .U2R40000000073. 
[11:20:02:127] Written data (COM3) 
    02 32 52 34 30 30 30 30 30 34 30 31 30 39 33 03   .2R400000401093. 
[11:20:02:134] Read data (COM3) 
    02 55 32 52 34 30 30 30 30 30 30 46 46 34 37 03   .U2R4000000FF47. 
[11:20:02:135] Written data (COM3) 
    02 32 52 34 30 30 30 30 30 34 30 32 30 39 32 03   .2R400000402092. 
[11:20:02:141] Read data (COM3) 
    02 55 32 52 34 30 30 30 30 30 30 30 30 37 33 03   .U2R40000000073. 
[11:20:02:144] Written data (COM3) 
    02 32 52 34 30 30 30 30 30 34 30 33 30 39 31 03   .2R400000403091. 
[11:20:02:150] Read data (COM3) 
    02 55 32 52 34 30 30 30 30 30 30 30 34 36 46 03   .U2R4000000046F. 
[11:20:02:151] Written data (COM3) 
    02 32 52 34 30 30 30 30 30 34 30 34 30 39 30 03   .2R400000404090. 
[11:20:02:158] Read data (COM3) 
    02 55 32 52 34 30 30 30 30 30 45 41 36 34 37 03   .U2R400000EA647. 
[11:20:02:159] Written data (COM3) 
    02 32 52 34 30 30 30 30 30 34 30 35 30 38 46 03   .2R40000040508F. 
[11:20:02:166] Read data (COM3) 
    02 55 32 52 34 30 30 30 30 30 30 44 44 34 42 03   .U2R4000000DD4B. 
[11:20:02:167] Written data (COM3) 
    02 32 52 34 30 30 30 30 30 34 30 36 30 38 45 03   .2R40000040608E. 
[11:20:02:174] Read data (COM3) 
    02 55 32 52 34 30 30 30 30 30 30 33 43 35 44 03   .U2R40000003C5D. 
[11:20:02:175] Written data (COM3) 
    02 32 52 34 30 30 30 30 30 34 30 37 30 38 44 03   .2R40000040708D. 
[11:20:02:182] Read data (COM3) 
    02 55 32 52 34 30 30 30 30 30 30 46 46 34 37 03   .U2R4000000FF47. 
[11:20:02:184] Written data (COM3) 
    02 32 52 34 30 30 30 30 30 34 30 38 30 38 43 03   .2R40000040808C. 
[11:20:02:191] Read data (COM3) 
    02 55 32 52 34 30 30 30 30 30 30 30 36 36 44 03   .U2R4000000066D. 
[11:20:02:193] Written data (COM3) 
    02 32 52 34 30 30 30 30 30 34 30 39 30 38 42 03   .2R40000040908B. 
[11:20:02:199] Read data (COM3) 
    02 55 32 52 34 30 30 30 30 30 30 30 30 37 33 03   .U2R40000000073. 
[11:20:02:201] Written data (COM3) 
    02 32 52 34 30 30 30 30 30 34 30 41 30 38 33 03   .2R40000040A083. 
[11:20:02:207] Read data (COM3) 
    02 55 32 52 34 30 30 30 30 30 30 30 30 37 33 03   .U2R40000000073. 
[11:20:02:209] Written data (COM3) 
    02 32 52 34 30 30 30 30 30 34 30 42 30 38 32 03   .2R40000040B082. 
[11:20:02:215] Read data (COM3) 
    02 55 32 52 34 30 30 30 30 30 30 30 30 37 33 03   .U2R40000000073. 
[11:20:02:217] Written data (COM3) 
    02 32 52 34 30 30 30 30 30 34 30 43 30 38 31 03   .2R40000040C081. 
[11:20:02:224] Read data (COM3) 
    02 55 32 52 34 30 30 30 30 30 30 30 30 37 33 03   .U2R40000000073. 
[11:20:02:226] Written data (COM3) 
    02 32 52 34 30 30 30 30 30 34 30 44 30 38 30 03   .2R40000040D080. 
[11:20:02:232] Read data (COM3) 
    02 55 32 52 34 30 30 30 30 30 30 30 30 37 33 03   .U2R40000000073. 
[11:20:02:234] Written data (COM3) 
    02 32 52 34 30 30 30 30 30 34 30 45 30 37 46 03   .2R40000040E07F. 
[11:20:02:241] Read data (COM3) 
    02 55 32 52 34 30 30 30 30 30 30 30 30 37 33 03   .U2R40000000073. 
[11:20:02:243] Written data (COM3) 
    02 32 52 34 30 30 30 30 30 34 30 46 30 37 45 03   .2R40000040F07E. 
[11:20:02:249] Read data (COM3) 
    02 55 32 52 34 30 30 30 30 30 30 30 30 37 33 03   .U2R40000000073. 
[11:20:02:251] Written data (COM3) 
    02 32 52 34 30 30 30 30 30 34 31 30 30 39 33 03   .2R400000410093. 
[11:20:02:257] Read data (COM3) 
    02 55 32 52 34 30 30 30 30 30 30 30 30 37 33 03   .U2R40000000073. 
[11:20:02:259] Written data (COM3) 
    02 32 52 34 30 30 30 30 30 34 31 31 30 39 32 03   .2R400000411092. 
[11:20:02:265] Read data (COM3) 
    02 55 32 52 34 30 30 30 30 30 30 30 30 37 33 03   .U2R40000000073. 
[11:20:02:267] Written data (COM3) 
    02 32 52 34 30 30 30 30 30 34 31 32 30 39 31 03   .2R400000412091. 
[11:20:02:273] Read data (COM3) 
    02 55 32 52 34 30 30 30 30 30 30 30 30 37 33 03   .U2R40000000073. 
[11:20:02:275] Written data (COM3) 
    02 32 52 34 30 30 30 30 30 34 31 33 30 39 30 03   .2R400000413090. 
[11:20:02:281] Read data (COM3) 
    02 55 32 52 34 30 30 30 30 30 30 30 30 37 33 03   .U2R40000000073. 
[11:20:02:283] Written data (COM3) 
    02 32 52 34 30 30 30 30 30 34 31 34 30 38 46 03   .2R40000041408F. 
[11:20:02:290] Read data (COM3) 
    02 55 32 52 34 30 30 30 30 30 30 30 30 37 33 03   .U2R40000000073. 
[11:20:02:291] Written data (COM3) 
    02 32 52 34 30 30 30 30 30 34 31 35 30 38 45 03   .2R40000041508E. 
[11:20:02:298] Read data (COM3) 
    02 55 32 52 34 30 30 30 30 30 30 30 30 37 33 03   .U2R40000000073. 
[11:20:02:300] Written data (COM3) 
    02 32 52 34 30 30 30 30 30 34 31 36 30 38 44 03   .2R40000041608D. 
[11:20:02:307] Read data (COM3) 
    02 55 32 52 34 30 30 30 30 30 30 30 30 37 33 03   .U2R40000000073. 
[11:20:02:308] Written data (COM3) 
    02 32 52 34 30 30 30 30 30 34 31 37 30 38 43 03   .2R40000041708C. 
[11:20:02:315] Read data (COM3) 
    02 55 32 52 34 30 30 30 30 30 30 30 30 37 33 03   .U2R40000000073. 
[11:20:02:317] Written data (COM3) 
    02 32 52 34 30 30 30 30 30 34 31 38 30 38 42 03   .2R40000041808B. 
[11:20:02:324] Read data (COM3) 
    02 55 32 52 34 30 30 30 30 30 30 30 30 37 33 03   .U2R40000000073. 
[11:20:02:325] Written data (COM3) 
    02 32 52 34 30 30 30 30 30 34 31 39 30 38 41 03   .2R40000041908A. 
[11:20:02:332] Read data (COM3) 
    02 55 32 52 34 30 30 30 30 30 30 30 30 37 33 03   .U2R40000000073. 
[11:20:02:334] Written data (COM3) 
    02 32 52 34 30 30 30 30 30 34 31 41 30 38 32 03   .2R40000041A082. 
[11:20:02:341] Read data (COM3) 
    02 55 32 52 34 30 30 30 30 30 30 30 30 37 33 03   .U2R40000000073. 
[11:20:02:343] Written data (COM3) 
    02 32 52 34 30 30 30 30 30 34 31 42 30 38 31 03   .2R40000041B081. 
[11:20:02:350] Read data (COM3) 
    02 55 32 52 34 30 30 30 30 30 30 30 30 37 33 03   .U2R40000000073. 
[11:20:02:352] Written data (COM3) 
    02 32 52 34 30 30 30 30 30 34 31 43 30 38 30 03   .2R40000041C080. 
[11:20:02:358] Read data (COM3) 
    02 55 32 52 34 30 30 30 30 30 30 30 30 37 33 03   .U2R40000000073. 
[11:20:02:360] Written data (COM3) 
    02 32 52 34 30 30 30 30 30 34 31 44 30 37 46 03   .2R40000041D07F. 
[11:20:02:366] Read data (COM3) 
    02 55 32 52 34 30 30 30 30 30 30 30 30 37 33 03   .U2R40000000073. 
[11:20:02:368] Written data (COM3) 
    02 32 52 34 30 30 30 30 30 34 31 45 30 37 45 03   .2R40000041E07E. 
[11:20:02:375] Read data (COM3) 
    02 55 32 52 34 30 30 30 30 30 30 30 30 37 33 03   .U2R40000000073. 
[11:20:02:377] Written data (COM3) 
    02 32 52 34 30 30 30 30 30 34 31 46 30 37 44 03   .2R40000041F07D. 
[11:20:02:383] Read data (COM3) 
    02 55 32 52 34 30 30 30 30 30 30 30 32 37 31 03   .U2R40000000271. 
[11:20:02:385] Written data (COM3) 
    02 32 51 31 30 30 30 30 30 30 30 30 30 39 43 03   .2Q10000000009C. 
[11:20:02:396] Read data (COM3) 
    02 55 32 51 30 37 30 30 38 30 39 30 30 36 30 03   .U2Q07008090060. 
[11:20:02:397] Written data (COM3) 
    02 32 52 34 30 30 30 30 30 30 30 30 30 39 38 03   .2R400000000098. 
[11:20:02:404] Read data (COM3) 
    02 55 32 52 34 33 46 46 46 46 46 46 46 44 36 03   .U2R43FFFFFFFD6. 
[11:20:02:405] Written data (COM3) 
    02 32 52 34 30 30 30 30 30 30 30 31 30 39 37 03   .2R400000001097. 
[11:20:02:412] Read data (COM3) 
    02 55 32 52 34 43 30 30 30 30 30 30 30 36 30 03   .U2R4C000000060. 
[11:20:02:414] Written data (COM3) 
    02 32 52 34 30 30 30 30 30 30 30 32 30 39 36 03   .2R400000002096. 
[11:20:02:420] Read data (COM3) 
    02 55 32 52 34 30 30 30 30 30 30 36 34 36 39 03   .U2R40000006469. 
[11:20:02:422] Written data (COM3) 
    02 32 52 34 30 30 30 30 30 30 30 33 30 39 35 03   .2R400000003095. 
[11:20:02:429] Read data (COM3) 
    02 55 32 52 34 46 46 46 46 42 31 37 43 45 45 03   .U2R4FFFFB17CEE. 
[11:20:02:431] Written data (COM3) 
    02 32 52 34 30 30 30 30 30 30 30 34 30 39 34 03   .2R400000004094. 
[11:20:02:437] Read data (COM3) 
    02 55 32 52 34 33 46 46 46 46 46 46 46 44 36 03   .U2R43FFFFFFFD6. 
[11:20:02:439] Written data (COM3) 
    02 32 52 34 30 30 30 30 30 30 30 35 30 39 33 03   .2R400000005093. 
[11:20:02:446] Read data (COM3) 
    02 55 32 52 34 43 30 30 30 30 30 30 30 36 30 03   .U2R4C000000060. 
[11:20:02:448] Written data (COM3) 
    02 32 52 34 30 30 30 30 30 30 30 36 30 39 32 03   .2R400000006092. 
[11:20:02:454] Read data (COM3) 
    02 55 32 52 34 30 30 30 30 30 30 30 37 36 43 03   .U2R4000000076C. 
[11:20:02:456] Written data (COM3) 
    02 32 52 34 30 30 30 30 30 30 30 37 30 39 31 03   .2R400000007091. 
[11:20:02:462] Read data (COM3) 
    02 55 32 52 34 30 30 30 30 30 30 30 30 37 33 03   .U2R40000000073. 
[11:20:02:465] Written data (COM3) 
    02 32 52 34 30 30 30 30 30 30 30 38 30 39 30 03   .2R400000008090. 
[11:20:02:471] Read data (COM3) 
    02 55 32 52 34 30 30 30 30 30 30 36 36 36 37 03   .U2R40000006667. 
[11:20:02:473] Written data (COM3) 
    02 32 52 34 30 30 30 30 30 30 30 39 30 38 46 03   .2R40000000908F. 
[11:20:02:479] Read data (COM3) 
    02 55 32 52 34 30 30 30 30 30 30 31 34 36 45 03   .U2R4000000146E. 
[11:20:02:481] Written data (COM3) 
    02 32 52 34 30 30 30 30 30 30 30 41 30 38 37 03   .2R40000000A087. 
[11:20:02:488] Read data (COM3) 
    02 55 32 52 34 30 30 30 30 30 32 45 45 34 37 03   .U2R4000002EE47. 
[11:20:02:489] Written data (COM3) 
    02 32 52 34 30 30 30 30 30 30 30 42 30 38 36 03   .2R40000000B086. 
[11:20:02:496] Read data (COM3) 
    02 55 32 52 34 30 30 30 30 30 30 32 38 36 39 03   .U2R40000002869. 
[11:20:02:497] Written data (COM3) 
    02 32 52 34 30 30 30 30 30 30 30 43 30 38 35 03   .2R40000000C085. 
[11:20:02:504] Read data (COM3) 
    02 55 32 52 34 30 30 30 30 30 30 30 31 37 32 03   .U2R40000000172. 
[11:20:02:505] Written data (COM3) 
    02 32 52 34 30 30 30 30 30 30 30 44 30 38 34 03   .2R40000000D084. 
[11:20:02:512] Read data (COM3) 
    02 55 32 52 34 30 30 30 30 30 30 30 33 37 30 03   .U2R40000000370. 
[11:20:02:513] Written data (COM3) 
    02 32 52 34 30 30 30 30 30 30 30 45 30 38 33 03   .2R40000000E083. 
[11:20:02:520] Read data (COM3) 
    02 55 32 52 34 30 30 30 30 35 38 31 36 35 46 03   .U2R4000058165F. 
[11:20:02:521] Written data (COM3) 
    02 32 52 34 30 30 30 30 30 30 30 46 30 38 32 03   .2R40000000F082. 
[11:20:02:528] Read data (COM3) 
    02 55 32 52 34 30 30 30 30 30 30 44 44 34 42 03   .U2R4000000DD4B. 
[11:20:02:530] Written data (COM3) 
    02 32 52 34 30 30 30 30 30 30 31 30 30 39 37 03   .2R400000010097. 
[11:20:02:536] Read data (COM3) 
    02 55 32 52 34 30 30 30 30 30 30 33 43 35 44 03   .U2R40000003C5D. 
[11:20:02:538] Written data (COM3) 
    02 32 52 34 30 30 30 30 30 30 31 31 30 39 36 03   .2R400000011096. 
[11:20:02:544] Read data (COM3) 
    02 55 32 52 34 30 30 30 30 30 30 46 46 34 37 03   .U2R4000000FF47. 
[11:20:02:547] Written data (COM3) 
    02 32 52 34 30 30 30 30 30 30 31 32 30 39 35 03   .2R400000012095. 
[11:20:02:553] Read data (COM3) 
    02 55 32 52 34 30 30 30 30 30 30 30 36 36 44 03   .U2R4000000066D. 
[11:20:02:555] Written data (COM3) 
    02 32 52 34 30 30 30 30 30 30 31 33 30 39 34 03   .2R400000013094. 
[11:20:02:561] Read data (COM3) 
    02 55 32 52 34 30 30 30 30 30 30 30 30 37 33 03   .U2R40000000073. 
[11:20:02:563] Written data (COM3) 
    02 32 52 34 30 30 30 30 30 30 31 34 30 39 33 03   .2R400000014093. 
[11:20:02:569] Read data (COM3) 
    02 55 32 52 34 30 30 30 30 30 30 30 30 37 33 03   .U2R40000000073. 
[11:20:02:571] Written data (COM3) 
    02 32 52 34 30 30 30 30 30 30 31 35 30 39 32 03   .2R400000015092. 
[11:20:02:577] Read data (COM3) 
    02 55 32 52 34 30 30 30 30 30 30 30 30 37 33 03   .U2R40000000073. 
[11:20:02:579] Written data (COM3) 
    02 32 52 34 30 30 30 30 30 30 31 36 30 39 31 03   .2R400000016091. 
[11:20:02:585] Read data (COM3) 
    02 55 32 52 34 30 30 30 30 30 30 38 30 36 42 03   .U2R4000000806B. 
[11:20:02:587] Written data (COM3) 
    02 32 52 34 30 30 30 30 30 30 31 37 30 39 30 03   .2R400000017090. 
[11:20:02:593] Read data (COM3) 
    02 55 32 52 34 30 30 30 30 30 30 31 30 37 32 03   .U2R40000001072. 
[11:20:02:595] Written data (COM3) 
    02 32 52 34 30 30 30 30 30 30 31 38 30 38 46 03   .2R40000001808F. 
[11:20:02:601] Read data (COM3) 
    02 55 32 52 34 30 30 30 30 30 30 30 30 37 33 03   .U2R40000000073. 
[11:20:02:603] Written data (COM3) 
    02 32 52 34 30 30 30 30 30 30 31 39 30 38 45 03   .2R40000001908E. 
[11:20:02:610] Read data (COM3) 
    02 55 32 52 34 30 30 30 30 30 30 45 30 35 45 03   .U2R4000000E05E. 
[11:20:02:612] Written data (COM3) 
    02 32 52 34 30 30 30 30 30 30 31 41 30 38 36 03   .2R40000001A086. 
[11:20:02:619] Read data (COM3) 
    02 55 32 52 34 30 30 30 30 33 31 35 39 36 31 03   .U2R40000315961. 
[11:20:02:621] Written data (COM3) 
    02 32 52 34 30 30 30 30 30 30 31 42 30 38 35 03   .2R40000001B085. 
[11:20:02:627] Read data (COM3) 
    02 55 32 52 34 38 30 30 30 30 30 34 30 36 37 03   .U2R48000004067. 
[11:20:02:629] Written data (COM3) 
    02 32 52 34 30 30 30 30 30 30 31 43 30 38 34 03   .2R40000001C084. 
[11:20:02:635] Read data (COM3) 
    02 55 32 52 34 30 30 30 30 30 31 37 37 36 34 03   .U2R40000017764. 
[11:20:02:637] Written data (COM3) 
    02 32 52 34 30 30 30 30 30 30 31 44 30 38 33 03   .2R40000001D083. 
[11:20:02:643] Read data (COM3) 
    02 55 32 52 34 30 30 30 30 30 30 30 30 37 33 03   .U2R40000000073. 
[11:20:02:645] Written data (COM3) 
    02 32 52 34 30 30 30 30 30 30 31 45 30 38 32 03   .2R40000001E082. 
[11:20:02:651] Read data (COM3) 
    02 55 32 52 34 30 30 30 30 30 30 30 30 37 33 03   .U2R40000000073. 
[11:20:02:653] Written data (COM3) 
    02 32 52 34 30 30 30 30 30 30 31 46 30 38 31 03   .2R40000001F081. 
[11:20:02:659] Read data (COM3) 
    02 55 32 52 34 30 30 30 30 30 30 30 38 36 42 03   .U2R4000000086B. 
[11:20:02:661] Written data (COM3) 
    02 32 52 34 30 30 30 30 36 38 30 30 30 38 41 03   .2R40000680008A. 
[11:20:02:667] Read data (COM3) 
    02 55 32 52 34 33 30 33 39 30 30 33 32 35 46 03   .U2R4303900325F. 
[11:20:02:669] Written data (COM3) 
    02 32 52 34 30 30 30 46 46 44 34 42 30 34 32 03   .2R4000FFD4B042. 
[11:20:02:675] Read data (COM3) 
    02 55 32 52 34 31 32 30 30 30 30 30 38 36 38 03   .U2R41200000868. 
[11:20:02:677] Written data (COM3) 
    02 32 52 34 30 30 30 46 46 44 34 36 30 34 45 03   .2R4000FFD4604E. 
[11:20:02:683] Read data (COM3) 
    02 55 32 52 34 46 46 46 46 46 46 46 39 44 30 03   .U2R4FFFFFFF9D0. 
[11:20:02:695] Written data (COM3) 
    02 32 52 34 30 30 30 30 37 43 30 30 30 37 45 03   .2R400007C0007E. 
[11:20:02:702] Read data (COM3) 
    02 55 32 52 34 46 46 46 46 44 44 37 38 45 34 03   .U2R4FFFFDD78E4. 
[11:20:02:737] Written data (COM3) 
    02 32 52 34 30 30 30 30 36 43 30 34 30 37 42 03   .2R400006C0407B. 
[11:20:02:743] Read data (COM3) 
    02 55 32 52 34 39 30 30 30 30 30 30 30 36 41 03   .U2R4900000006A. 
[11:20:02:745] Written data (COM3) 
    02 32 52 34 30 30 30 30 37 34 30 30 30 38 44 03   .2R40000740008D. 
