[11:07:42:806] Written data (COM3) 
    02 30 51 31 30 31 30 30 30 30 30 30 30 39 44 03   .0Q10100000009D. 
[11:07:42:812] Read data (COM3) 
    02 55 30 51 30 46 30 30 38 30 46 30 30 34 36 03   .U0Q0F0080F0046. 
[11:07:42:814] Written data (COM3) 
    02 30 52 34 30 30 30 30 30 34 30 30 30 39 36 03   .0R400000400096. 
[11:07:42:820] Read data (COM3) 
    02 55 30 52 34 30 30 30 30 30 30 30 30 37 35 03   .U0R40000000075. 
[11:07:42:822] Written data (COM3) 
    02 30 52 34 30 30 30 30 30 34 30 31 30 39 35 03   .0R400000401095. 
[11:07:42:828] Read data (COM3) 
    02 55 30 52 34 30 30 30 30 30 30 46 46 34 39 03   .U0R4000000FF49. 
[11:07:42:830] Written data (COM3) 
    02 30 52 34 30 30 30 30 30 34 30 32 30 39 34 03   .0R400000402094. 
[11:07:42:837] Read data (COM3) 
    02 55 30 52 34 30 30 30 30 30 30 30 30 37 35 03   .U0R40000000075. 
[11:07:42:838] Written data (COM3) 
    02 30 52 34 30 30 30 30 30 34 30 33 30 39 33 03   .0R400000403093. 
[11:07:42:845] Read data (COM3) 
    02 55 30 52 34 30 30 30 30 30 30 30 34 37 31 03   .U0R40000000471. 
[11:07:42:847] Written data (COM3) 
    02 30 52 34 30 30 30 30 30 34 30 34 30 39 32 03   .0R400000404092. 
[11:07:42:854] Read data (COM3) 
    02 55 30 52 34 30 30 30 30 30 45 41 37 34 38 03   .U0R400000EA748. 
[11:07:42:855] Written data (COM3) 
    02 30 52 34 30 30 30 30 30 34 30 35 30 39 31 03   .0R400000405091. 
[11:07:42:862] Read data (COM3) 
    02 55 30 52 34 30 30 30 30 30 30 44 43 34 45 03   .U0R4000000DC4E. 
[11:07:42:864] Written data (COM3) 
    02 30 52 34 30 30 30 30 30 34 30 36 30 39 30 03   .0R400000406090. 
[11:07:42:871] Read data (COM3) 
    02 55 30 52 34 30 30 30 30 30 30 33 42 36 30 03   .U0R40000003B60. 
[11:07:42:872] Written data (COM3) 
    02 30 52 34 30 30 30 30 30 34 30 37 30 38 46 03   .0R40000040708F. 
[11:07:42:878] Read data (COM3) 
    02 55 30 52 34 30 30 30 30 30 30 46 46 34 39 03   .U0R4000000FF49. 
[11:07:42:880] Written data (COM3) 
    02 30 52 34 30 30 30 30 30 34 30 38 30 38 45 03   .0R40000040808E. 
[11:07:42:887] Read data (COM3) 
    02 55 30 52 34 30 30 30 30 30 30 30 36 36 46 03   .U0R4000000066F. 
[11:07:42:889] Written data (COM3) 
    02 30 52 34 30 30 30 30 30 34 30 39 30 38 44 03   .0R40000040908D. 
[11:07:42:896] Read data (COM3) 
    02 55 30 52 34 30 30 30 30 30 30 30 30 37 35 03   .U0R40000000075. 
[11:07:42:897] Written data (COM3) 
    02 30 52 34 30 30 30 30 30 34 30 41 30 38 35 03   .0R40000040A085. 
[11:07:42:904] Read data (COM3) 
    02 55 30 52 34 30 30 30 30 30 30 30 30 37 35 03   .U0R40000000075. 
[11:07:42:906] Written data (COM3) 
    02 30 52 34 30 30 30 30 30 34 30 42 30 38 34 03   .0R40000040B084. 
[11:07:42:912] Read data (COM3) 
    02 55 30 52 34 30 30 30 30 30 30 30 30 37 35 03   .U0R40000000075. 
[11:07:42:915] Written data (COM3) 
    02 30 52 34 30 30 30 30 30 34 30 43 30 38 33 03   .0R40000040C083. 
[11:07:42:921] Read data (COM3) 
    02 55 30 52 34 30 30 30 30 30 30 30 30 37 35 03   .U0R40000000075. 
[11:07:42:923] Written data (COM3) 
    02 30 52 34 30 30 30 30 30 34 30 44 30 38 32 03   .0R40000040D082. 
[11:07:42:929] Read data (COM3) 
    02 55 30 52 34 30 30 30 30 30 30 30 30 37 35 03   .U0R40000000075. 
[11:07:42:931] Written data (COM3) 
    02 30 52 34 30 30 30 30 30 34 30 45 30 38 31 03   .0R40000040E081. 
[11:07:42:938] Read data (COM3) 
    02 55 30 52 34 30 30 30 30 30 30 30 30 37 35 03   .U0R40000000075. 
[11:07:42:940] Written data (COM3) 
    02 30 52 34 30 30 30 30 30 34 30 46 30 38 30 03   .0R40000040F080. 
[11:07:42:946] Read data (COM3) 
    02 55 30 52 34 30 30 30 30 30 30 30 30 37 35 03   .U0R40000000075. 
[11:07:42:948] Written data (COM3) 
    02 30 52 34 30 30 30 30 30 34 31 30 30 39 35 03   .0R400000410095. 
[11:07:42:954] Read data (COM3) 
    02 55 30 52 34 30 30 30 30 30 30 30 30 37 35 03   .U0R40000000075. 
[11:07:42:956] Written data (COM3) 
    02 30 52 34 30 30 30 30 30 34 31 31 30 39 34 03   .0R400000411094. 
[11:07:42:962] Read data (COM3) 
    02 55 30 52 34 30 30 30 30 30 30 30 30 37 35 03   .U0R40000000075. 
[11:07:42:964] Written data (COM3) 
    02 30 52 34 30 30 30 30 30 34 31 32 30 39 33 03   .0R400000412093. 
[11:07:42:970] Read data (COM3) 
    02 55 30 52 34 30 30 30 30 30 30 30 30 37 35 03   .U0R40000000075. 
[11:07:42:972] Written data (COM3) 
    02 30 52 34 30 30 30 30 30 34 31 33 30 39 32 03   .0R400000413092. 
[11:07:42:978] Read data (COM3) 
    02 55 30 52 34 30 30 30 30 30 30 30 30 37 35 03   .U0R40000000075. 
[11:07:42:980] Written data (COM3) 
    02 30 52 34 30 30 30 30 30 34 31 34 30 39 31 03   .0R400000414091. 
[11:07:42:986] Read data (COM3) 
    02 55 30 52 34 30 30 30 30 30 30 30 30 37 35 03   .U0R40000000075. 
[11:07:42:988] Written data (COM3) 
    02 30 52 34 30 30 30 30 30 34 31 35 30 39 30 03   .0R400000415090. 
[11:07:42:994] Read data (COM3) 
    02 55 30 52 34 30 30 30 30 30 30 30 30 37 35 03   .U0R40000000075. 
[11:07:42:996] Written data (COM3) 
    02 30 52 34 30 30 30 30 30 34 31 36 30 38 46 03   .0R40000041608F. 
[11:07:43:002] Read data (COM3) 
    02 55 30 52 34 30 30 30 30 30 30 30 30 37 35 03   .U0R40000000075. 
[11:07:43:004] Written data (COM3) 
    02 30 52 34 30 30 30 30 30 34 31 37 30 38 45 03   .0R40000041708E. 
[11:07:43:010] Read data (COM3) 
    02 55 30 52 34 30 30 30 30 30 30 30 30 37 35 03   .U0R40000000075. 
[11:07:43:012] Written data (COM3) 
    02 30 52 34 30 30 30 30 30 34 31 38 30 38 44 03   .0R40000041808D. 
[11:07:43:018] Read data (COM3) 
    02 55 30 52 34 30 30 30 30 30 30 30 30 37 35 03   .U0R40000000075. 
[11:07:43:020] Written data (COM3) 
    02 30 52 34 30 30 30 30 30 34 31 39 30 38 43 03   .0R40000041908C. 
[11:07:43:026] Read data (COM3) 
    02 55 30 52 34 30 30 30 30 30 30 30 30 37 35 03   .U0R40000000075. 
[11:07:43:028] Written data (COM3) 
    02 30 52 34 30 30 30 30 30 34 31 41 30 38 34 03   .0R40000041A084. 
[11:07:43:034] Read data (COM3) 
    02 55 30 52 34 30 30 30 30 30 30 30 30 37 35 03   .U0R40000000075. 
[11:07:43:036] Written data (COM3) 
    02 30 52 34 30 30 30 30 30 34 31 42 30 38 33 03   .0R40000041B083. 
[11:07:43:043] Read data (COM3) 
    02 55 30 52 34 30 30 30 30 30 30 30 30 37 35 03   .U0R40000000075. 
[11:07:43:045] Written data (COM3) 
    02 30 52 34 30 30 30 30 30 34 31 43 30 38 32 03   .0R40000041C082. 
[11:07:43:051] Read data (COM3) 
    02 55 30 52 34 30 30 30 30 30 30 30 30 37 35 03   .U0R40000000075. 
[11:07:43:053] Written data (COM3) 
    02 30 52 34 30 30 30 30 30 34 31 44 30 38 31 03   .0R40000041D081. 
[11:07:43:060] Read data (COM3) 
    02 55 30 52 34 30 30 30 30 30 30 30 30 37 35 03   .U0R40000000075. 
[11:07:43:062] Written data (COM3) 
    02 30 52 34 30 30 30 30 30 34 31 45 30 38 30 03   .0R40000041E080. 
[11:07:43:069] Read data (COM3) 
    02 55 30 52 34 30 30 30 30 30 30 30 30 37 35 03   .U0R40000000075. 
[11:07:43:070] Written data (COM3) 
    02 30 52 34 30 30 30 30 30 34 31 46 30 37 46 03   .0R40000041F07F. 
[11:07:43:077] Read data (COM3) 
    02 55 30 52 34 30 30 30 30 30 30 30 34 37 31 03   .U0R40000000471. 
[11:07:43:079] Written data (COM3) 
    02 30 51 31 30 30 30 30 30 30 30 30 30 39 45 03   .0Q10000000009E. 
[11:07:43:090] Read data (COM3) 
    02 55 30 51 30 46 30 30 38 30 46 30 30 34 36 03   .U0Q0F0080F0046. 
[11:07:43:092] Written data (COM3) 
    02 30 52 34 30 30 30 30 30 30 30 30 30 39 41 03   .0R40000000009A. 
[11:07:43:098] Read data (COM3) 
    02 55 30 52 34 33 46 46 46 46 46 46 46 44 38 03   .U0R43FFFFFFFD8. 
[11:07:43:100] Written data (COM3) 
    02 30 52 34 30 30 30 30 30 30 30 31 30 39 39 03   .0R400000001099. 
[11:07:43:106] Read data (COM3) 
    02 55 30 52 34 43 30 30 30 30 30 30 30 36 32 03   .U0R4C000000062. 
[11:07:43:108] Written data (COM3) 
    02 30 52 34 30 30 30 30 30 30 30 32 30 39 38 03   .0R400000002098. 
[11:07:43:114] Read data (COM3) 
    02 55 30 52 34 30 30 30 30 30 30 36 34 36 42 03   .U0R4000000646B. 
[11:07:43:116] Written data (COM3) 
    02 30 52 34 30 30 30 30 30 30 30 33 30 39 37 03   .0R400000003097. 
[11:07:43:123] Read data (COM3) 
    02 55 30 52 34 46 46 46 46 42 31 37 43 46 30 03   .U0R4FFFFB17CF0. 
[11:07:43:125] Written data (COM3) 
    02 30 52 34 30 30 30 30 30 30 30 34 30 39 36 03   .0R400000004096. 
[11:07:43:131] Read data (COM3) 
    02 55 30 52 34 33 46 46 46 46 46 46 46 44 38 03   .U0R43FFFFFFFD8. 
[11:07:43:133] Written data (COM3) 
    02 30 52 34 30 30 30 30 30 30 30 35 30 39 35 03   .0R400000005095. 
[11:07:43:140] Read data (COM3) 
    02 55 30 52 34 43 30 30 30 30 30 30 30 36 32 03   .U0R4C000000062. 
[11:07:43:142] Written data (COM3) 
    02 30 52 34 30 30 30 30 30 30 30 36 30 39 34 03   .0R400000006094. 
[11:07:43:148] Read data (COM3) 
    02 55 30 52 34 30 30 30 30 30 30 30 37 36 45 03   .U0R4000000076E. 
[11:07:43:150] Written data (COM3) 
    02 30 52 34 30 30 30 30 30 30 30 37 30 39 33 03   .0R400000007093. 
[11:07:43:156] Read data (COM3) 
    02 55 30 52 34 30 30 30 30 30 30 30 30 37 35 03   .U0R40000000075. 
[11:07:43:158] Written data (COM3) 
    02 30 52 34 30 30 30 30 30 30 30 38 30 39 32 03   .0R400000008092. 
[11:07:43:164] Read data (COM3) 
    02 55 30 52 34 30 30 30 30 30 30 36 32 36 44 03   .U0R4000000626D. 
[11:07:43:166] Written data (COM3) 
    02 30 52 34 30 30 30 30 30 30 30 39 30 39 31 03   .0R400000009091. 
[11:07:43:172] Read data (COM3) 
    02 55 30 52 34 30 30 30 30 30 30 30 34 37 31 03   .U0R40000000471. 
[11:07:43:174] Written data (COM3) 
    02 30 52 34 30 30 30 30 30 30 30 41 30 38 39 03   .0R40000000A089. 
[11:07:43:181] Read data (COM3) 
    02 55 30 52 34 30 30 30 30 32 31 33 34 36 42 03   .U0R4000021346B. 
[11:07:43:182] Written data (COM3) 
    02 30 52 34 30 30 30 30 30 30 30 42 30 38 38 03   .0R40000000B088. 
[11:07:43:189] Read data (COM3) 
    02 55 30 52 34 30 30 30 30 30 33 45 38 35 35 03   .U0R4000003E855. 
[11:07:43:191] Written data (COM3) 
    02 30 52 34 30 30 30 30 30 30 30 43 30 38 37 03   .0R40000000C087. 
[11:07:43:197] Read data (COM3) 
    02 55 30 52 34 30 30 30 30 30 30 30 31 37 34 03   .U0R40000000174. 
[11:07:43:199] Written data (COM3) 
    02 30 52 34 30 30 30 30 30 30 30 44 30 38 36 03   .0R40000000D086. 
[11:07:43:205] Read data (COM3) 
    02 55 30 52 34 30 30 30 30 30 30 30 33 37 32 03   .U0R40000000372. 
[11:07:43:207] Written data (COM3) 
    02 30 52 34 30 30 30 30 30 30 30 45 30 38 35 03   .0R40000000E085. 
[11:07:43:214] Read data (COM3) 
    02 55 30 52 34 30 30 30 30 35 38 31 36 36 31 03   .U0R40000581661. 
[11:07:43:216] Written data (COM3) 
    02 30 52 34 30 30 30 30 30 30 30 46 30 38 34 03   .0R40000000F084. 
[11:07:43:223] Read data (COM3) 
    02 55 30 52 34 30 30 30 30 30 30 44 44 34 44 03   .U0R4000000DD4D. 
[11:07:43:225] Written data (COM3) 
    02 30 52 34 30 30 30 30 30 30 31 30 30 39 39 03   .0R400000010099. 
[11:07:43:231] Read data (COM3) 
    02 55 30 52 34 30 30 30 30 30 30 33 43 35 46 03   .U0R40000003C5F. 
[11:07:43:233] Written data (COM3) 
    02 30 52 34 30 30 30 30 30 30 31 31 30 39 38 03   .0R400000011098. 
[11:07:43:239] Read data (COM3) 
    02 55 30 52 34 30 30 30 30 30 30 46 46 34 39 03   .U0R4000000FF49. 
[11:07:43:241] Written data (COM3) 
    02 30 52 34 30 30 30 30 30 30 31 32 30 39 37 03   .0R400000012097. 
[11:07:43:247] Read data (COM3) 
    02 55 30 52 34 30 30 30 30 30 30 30 36 36 46 03   .U0R4000000066F. 
[11:07:43:249] Written data (COM3) 
    02 30 52 34 30 30 30 30 30 30 31 33 30 39 36 03   .0R400000013096. 
[11:07:43:256] Read data (COM3) 
    02 55 30 52 34 30 30 30 30 30 30 30 30 37 35 03   .U0R40000000075. 
[11:07:43:258] Written data (COM3) 
    02 30 52 34 30 30 30 30 30 30 31 34 30 39 35 03   .0R400000014095. 
[11:07:43:264] Read data (COM3) 
    02 55 30 52 34 30 30 30 30 30 30 30 30 37 35 03   .U0R40000000075. 
[11:07:43:266] Written data (COM3) 
    02 30 52 34 30 30 30 30 30 30 31 35 30 39 34 03   .0R400000015094. 
[11:07:43:272] Read data (COM3) 
    02 55 30 52 34 30 30 30 30 30 30 30 30 37 35 03   .U0R40000000075. 
[11:07:43:274] Written data (COM3) 
    02 30 52 34 30 30 30 30 30 30 31 36 30 39 33 03   .0R400000016093. 
[11:07:43:280] Read data (COM3) 
    02 55 30 52 34 30 30 30 30 30 30 30 30 37 35 03   .U0R40000000075. 
[11:07:43:282] Written data (COM3) 
    02 30 52 34 30 30 30 30 30 30 31 37 30 39 32 03   .0R400000017092. 
[11:07:43:288] Read data (COM3) 
    02 55 30 52 34 30 30 30 30 30 30 30 31 37 34 03   .U0R40000000174. 
[11:07:43:290] Written data (COM3) 
    02 30 52 34 30 30 30 30 30 30 31 38 30 39 31 03   .0R400000018091. 
[11:07:43:296] Read data (COM3) 
    02 55 30 52 34 30 30 30 30 30 30 30 30 37 35 03   .U0R40000000075. 
[11:07:43:298] Written data (COM3) 
    02 30 52 34 30 30 30 30 30 30 31 39 30 39 30 03   .0R400000019090. 
[11:07:43:304] Read data (COM3) 
    02 55 30 52 34 30 30 30 30 30 30 45 30 36 30 03   .U0R4000000E060. 
[11:07:43:306] Written data (COM3) 
    02 30 52 34 30 30 30 30 30 30 31 41 30 38 38 03   .0R40000001A088. 
[11:07:43:312] Read data (COM3) 
    02 55 30 52 34 30 30 30 30 33 31 41 39 35 37 03   .U0R4000031A957. 
[11:07:43:314] Written data (COM3) 
    02 30 52 34 30 30 30 30 30 30 31 42 30 38 37 03   .0R40000001B087. 
[11:07:43:320] Read data (COM3) 
    02 55 30 52 34 38 30 30 30 30 30 34 30 36 39 03   .U0R48000004069. 
[11:07:43:322] Written data (COM3) 
    02 30 52 34 30 30 30 30 30 30 31 43 30 38 36 03   .0R40000001C086. 
[11:07:43:328] Read data (COM3) 
    02 55 30 52 34 30 30 30 30 30 31 37 36 36 37 03   .U0R40000017667. 
[11:07:43:330] Written data (COM3) 
    02 30 52 34 30 30 30 30 30 30 31 44 30 38 35 03   .0R40000001D085. 
[11:07:43:337] Read data (COM3) 
    02 55 30 52 34 30 30 30 30 30 30 30 30 37 35 03   .U0R40000000075. 
[11:07:43:338] Written data (COM3) 
    02 30 52 34 30 30 30 30 30 30 31 45 30 38 34 03   .0R40000001E084. 
[11:07:43:345] Read data (COM3) 
    02 55 30 52 34 30 30 30 30 30 30 30 30 37 35 03   .U0R40000000075. 
[11:07:43:346] Written data (COM3) 
    02 30 52 34 30 30 30 30 30 30 31 46 30 38 33 03   .0R40000001F083. 
[11:07:43:353] Read data (COM3) 
    02 55 30 52 34 30 30 30 30 30 30 30 42 36 33 03   .U0R40000000B63. 
[11:07:43:354] Written data (COM3) 
    02 30 52 34 30 30 30 30 36 38 30 30 30 38 43 03   .0R40000680008C. 
[11:07:43:361] Read data (COM3) 
    02 55 30 52 34 33 30 33 39 30 30 33 32 36 31 03   .U0R43039003261. 
[11:07:43:362] Written data (COM3) 
    02 30 52 34 30 30 30 46 46 44 34 42 30 34 34 03   .0R4000FFD4B044. 
[11:07:43:369] Read data (COM3) 
    02 55 30 52 34 31 30 30 30 30 30 30 42 36 32 03   .U0R41000000B62. 
[11:07:43:371] Written data (COM3) 
    02 30 52 34 30 30 30 46 46 44 34 36 30 35 30 03   .0R4000FFD46050. 
[11:07:43:377] Read data (COM3) 
    02 55 30 52 34 46 46 46 46 46 46 46 41 43 41 03   .U0R4FFFFFFFACA. 
[11:07:43:386] Written data (COM3) 
    02 30 52 34 30 30 30 30 37 43 30 30 30 38 30 03   .0R400007C00080. 
[11:07:43:393] Read data (COM3) 
    02 55 30 52 34 46 46 46 46 44 38 46 30 45 42 03   .U0R4FFFFD8F0EB. 
[11:07:43:407] Written data (COM3) 
    02 30 52 34 30 30 30 30 36 43 30 34 30 37 44 03   .0R400006C0407D. 
[11:07:43:413] Read data (COM3) 
    02 55 30 52 34 39 30 30 30 30 32 35 38 35 44 03   .U0R4900002585D. 
[11:07:43:415] Written data (COM3) 
    02 30 6e 30 30 30 30 30 30 30 30 30 30 38 32 03   .0n000000000082. 
[11:07:43:422] Read data (COM3) 
    02 55 30 6e 30 46 30 30 38 30 46 30 30 32 39 03   .U0n0F0080F0029. 
[11:07:43:424] Written data (COM3) 
    02 30 52 34 30 30 30 30 37 43 30 30 30 38 30 03   .0R400007C00080. 
