[10:00:36:456] Written data (COM3) 
    02 31 51 31 30 31 30 30 30 30 30 30 30 39 43 03   .1Q10100000009C. 
[10:00:36:462] Read data (COM3) 
    02 55 31 51 30 37 30 30 38 30 39 30 30 36 31 03   .U1Q07008090061. 
[10:00:36:464] Written data (COM3) 
    02 31 52 34 30 30 30 30 30 34 30 30 30 39 35 03   .1R400000400095. 
[10:00:36:471] Read data (COM3) 
    02 55 31 52 34 30 30 30 30 30 30 30 30 37 34 03   .U1R40000000074. 
[10:00:36:473] Written data (COM3) 
    02 31 52 34 30 30 30 30 30 34 30 31 30 39 34 03   .1R400000401094. 
[10:00:36:479] Read data (COM3) 
    02 55 31 52 34 30 30 30 30 30 30 46 46 34 38 03   .U1R4000000FF48. 
[10:00:36:481] Written data (COM3) 
    02 31 52 34 30 30 30 30 30 34 30 32 30 39 33 03   .1R400000402093. 
[10:00:36:488] Read data (COM3) 
    02 55 31 52 34 30 30 30 30 30 30 30 30 37 34 03   .U1R40000000074. 
[10:00:36:490] Written data (COM3) 
    02 31 52 34 30 30 30 30 30 34 30 33 30 39 32 03   .1R400000403092. 
[10:00:36:496] Read data (COM3) 
    02 55 31 52 34 30 30 30 30 30 30 30 34 37 30 03   .U1R40000000470. 
[10:00:36:498] Written data (COM3) 
    02 31 52 34 30 30 30 30 30 34 30 34 30 39 31 03   .1R400000404091. 
[10:00:36:504] Read data (COM3) 
    02 55 31 52 34 30 30 30 30 30 45 41 36 34 38 03   .U1R400000EA648. 
[10:00:36:506] Written data (COM3) 
    02 31 52 34 30 30 30 30 30 34 30 35 30 39 30 03   .1R400000405090. 
[10:00:36:512] Read data (COM3) 
    02 55 31 52 34 30 30 30 30 30 30 44 44 34 43 03   .U1R4000000DD4C. 
[10:00:36:514] Written data (COM3) 
    02 31 52 34 30 30 30 30 30 34 30 36 30 38 46 03   .1R40000040608F. 
[10:00:36:520] Read data (COM3) 
    02 55 31 52 34 30 30 30 30 30 30 33 43 35 45 03   .U1R40000003C5E. 
[10:00:36:522] Written data (COM3) 
    02 31 52 34 30 30 30 30 30 34 30 37 30 38 45 03   .1R40000040708E. 
[10:00:36:528] Read data (COM3) 
    02 55 31 52 34 30 30 30 30 30 30 46 46 34 38 03   .U1R4000000FF48. 
[10:00:36:530] Written data (COM3) 
    02 31 52 34 30 30 30 30 30 34 30 38 30 38 44 03   .1R40000040808D. 
[10:00:36:536] Read data (COM3) 
    02 55 31 52 34 30 30 30 30 30 30 30 36 36 45 03   .U1R4000000066E. 
[10:00:36:538] Written data (COM3) 
    02 31 52 34 30 30 30 30 30 34 30 39 30 38 43 03   .1R40000040908C. 
[10:00:36:544] Read data (COM3) 
    02 55 31 52 34 30 30 30 30 30 30 30 30 37 34 03   .U1R40000000074. 
[10:00:36:546] Written data (COM3) 
    02 31 52 34 30 30 30 30 30 34 30 41 30 38 34 03   .1R40000040A084. 
[10:00:36:553] Read data (COM3) 
    02 55 31 52 34 30 30 30 30 30 30 30 30 37 34 03   .U1R40000000074. 
[10:00:36:555] Written data (COM3) 
    02 31 52 34 30 30 30 30 30 34 30 42 30 38 33 03   .1R40000040B083. 
[10:00:36:561] Read data (COM3) 
    02 55 31 52 34 30 30 30 30 30 30 30 30 37 34 03   .U1R40000000074. 
[10:00:36:563] Written data (COM3) 
    02 31 52 34 30 30 30 30 30 34 30 43 30 38 32 03   .1R40000040C082. 
[10:00:36:569] Read data (COM3) 
    02 55 31 52 34 30 30 30 30 30 30 30 30 37 34 03   .U1R40000000074. 
[10:00:36:571] Written data (COM3) 
    02 31 52 34 30 30 30 30 30 34 30 44 30 38 31 03   .1R40000040D081. 
[10:00:36:577] Read data (COM3) 
    02 55 31 52 34 30 30 30 30 30 30 30 30 37 34 03   .U1R40000000074. 
[10:00:36:579] Written data (COM3) 
    02 31 52 34 30 30 30 30 30 34 30 45 30 38 30 03   .1R40000040E080. 
[10:00:36:586] Read data (COM3) 
    02 55 31 52 34 30 30 30 30 30 30 30 30 37 34 03   .U1R40000000074. 
[10:00:36:588] Written data (COM3) 
    02 31 52 34 30 30 30 30 30 34 30 46 30 37 46 03   .1R40000040F07F. 
[10:00:36:594] Read data (COM3) 
    02 55 31 52 34 30 30 30 30 30 30 30 30 37 34 03   .U1R40000000074. 
[10:00:36:596] Written data (COM3) 
    02 31 52 34 30 30 30 30 30 34 31 30 30 39 34 03   .1R400000410094. 
[10:00:36:602] Read data (COM3) 
    02 55 31 52 34 30 30 30 30 30 30 30 30 37 34 03   .U1R40000000074. 
[10:00:36:604] Written data (COM3) 
    02 31 52 34 30 30 30 30 30 34 31 31 30 39 33 03   .1R400000411093. 
[10:00:36:610] Read data (COM3) 
    02 55 31 52 34 30 30 30 30 30 30 30 30 37 34 03   .U1R40000000074. 
[10:00:36:612] Written data (COM3) 
    02 31 52 34 30 30 30 30 30 34 31 32 30 39 32 03   .1R400000412092. 
[10:00:36:618] Read data (COM3) 
    02 55 31 52 34 30 30 30 30 30 30 30 30 37 34 03   .U1R40000000074. 
[10:00:36:620] Written data (COM3) 
    02 31 52 34 30 30 30 30 30 34 31 33 30 39 31 03   .1R400000413091. 
[10:00:36:626] Read data (COM3) 
    02 55 31 52 34 30 30 30 30 30 30 30 30 37 34 03   .U1R40000000074. 
[10:00:36:628] Written data (COM3) 
    02 31 52 34 30 30 30 30 30 34 31 34 30 39 30 03   .1R400000414090. 
[10:00:36:635] Read data (COM3) 
    02 55 31 52 34 30 30 30 30 30 30 30 30 37 34 03   .U1R40000000074. 
[10:00:36:636] Written data (COM3) 
    02 31 52 34 30 30 30 30 30 34 31 35 30 38 46 03   .1R40000041508F. 
[10:00:36:642] Read data (COM3) 
    02 55 31 52 34 30 30 30 30 30 30 30 30 37 34 03   .U1R40000000074. 
[10:00:36:645] Written data (COM3) 
    02 31 52 34 30 30 30 30 30 34 31 36 30 38 45 03   .1R40000041608E. 
[10:00:36:651] Read data (COM3) 
    02 55 31 52 34 30 30 30 30 30 30 30 30 37 34 03   .U1R40000000074. 
[10:00:36:653] Written data (COM3) 
    02 31 52 34 30 30 30 30 30 34 31 37 30 38 44 03   .1R40000041708D. 
[10:00:36:659] Read data (COM3) 
    02 55 31 52 34 30 30 30 30 30 30 30 30 37 34 03   .U1R40000000074. 
[10:00:36:661] Written data (COM3) 
    02 31 52 34 30 30 30 30 30 34 31 38 30 38 43 03   .1R40000041808C. 
[10:00:36:668] Read data (COM3) 
    02 55 31 52 34 30 30 30 30 30 30 30 30 37 34 03   .U1R40000000074. 
[10:00:36:669] Written data (COM3) 
    02 31 52 34 30 30 30 30 30 34 31 39 30 38 42 03   .1R40000041908B. 
[10:00:36:676] Read data (COM3) 
    02 55 31 52 34 30 30 30 30 30 30 30 30 37 34 03   .U1R40000000074. 
[10:00:36:677] Written data (COM3) 
    02 31 52 34 30 30 30 30 30 34 31 41 30 38 33 03   .1R40000041A083. 
[10:00:36:684] Read data (COM3) 
    02 55 31 52 34 30 30 30 30 30 30 30 30 37 34 03   .U1R40000000074. 
[10:00:36:686] Written data (COM3) 
    02 31 52 34 30 30 30 30 30 34 31 42 30 38 32 03   .1R40000041B082. 
[10:00:36:691] Read data (COM3) 
    02 55 31 52 34 30 30 30 30 30 30 30 30 37 34 03   .U1R40000000074. 
[10:00:36:693] Written data (COM3) 
    02 31 52 34 30 30 30 30 30 34 31 43 30 38 31 03   .1R40000041C081. 
[10:00:36:700] Read data (COM3) 
    02 55 31 52 34 30 30 30 30 30 30 30 30 37 34 03   .U1R40000000074. 
[10:00:36:702] Written data (COM3) 
    02 31 52 34 30 30 30 30 30 34 31 44 30 38 30 03   .1R40000041D080. 
[10:00:36:708] Read data (COM3) 
    02 55 31 52 34 30 30 30 30 30 30 30 30 37 34 03   .U1R40000000074. 
[10:00:36:710] Written data (COM3) 
    02 31 52 34 30 30 30 30 30 34 31 45 30 37 46 03   .1R40000041E07F. 
[10:00:36:717] Read data (COM3) 
    02 55 31 52 34 30 30 30 30 30 30 30 30 37 34 03   .U1R40000000074. 
[10:00:36:719] Written data (COM3) 
    02 31 52 34 30 30 30 30 30 34 31 46 30 37 45 03   .1R40000041F07E. 
[10:00:36:725] Read data (COM3) 
    02 55 31 52 34 30 30 30 30 30 30 30 31 37 33 03   .U1R40000000173. 
[10:00:36:727] Written data (COM3) 
    02 31 51 31 30 30 30 30 30 30 30 30 30 39 44 03   .1Q10000000009D. 
[10:00:36:738] Read data (COM3) 
    02 55 31 51 30 37 30 30 38 30 39 30 30 36 31 03   .U1Q07008090061. 
[10:00:36:739] Written data (COM3) 
    02 31 52 34 30 30 30 30 30 30 30 30 30 39 39 03   .1R400000000099. 
[10:00:36:746] Read data (COM3) 
    02 55 31 52 34 33 46 46 46 46 46 46 46 44 37 03   .U1R43FFFFFFFD7. 
[10:00:36:748] Written data (COM3) 
    02 31 52 34 30 30 30 30 30 30 30 31 30 39 38 03   .1R400000001098. 
[10:00:36:754] Read data (COM3) 
    02 55 31 52 34 43 30 30 30 30 30 30 30 36 31 03   .U1R4C000000061. 
[10:00:36:756] Written data (COM3) 
    02 31 52 34 30 30 30 30 30 30 30 32 30 39 37 03   .1R400000002097. 
[10:00:36:762] Read data (COM3) 
    02 55 31 52 34 30 30 30 30 30 30 36 34 36 41 03   .U1R4000000646A. 
[10:00:36:764] Written data (COM3) 
    02 31 52 34 30 30 30 30 30 30 30 33 30 39 36 03   .1R400000003096. 
[10:00:36:770] Read data (COM3) 
    02 55 31 52 34 46 46 46 46 42 31 37 43 45 46 03   .U1R4FFFFB17CEF. 
[10:00:36:772] Written data (COM3) 
    02 31 52 34 30 30 30 30 30 30 30 34 30 39 35 03   .1R400000004095. 
[10:00:36:779] Read data (COM3) 
    02 55 31 52 34 33 46 46 46 46 46 46 46 44 37 03   .U1R43FFFFFFFD7. 
[10:00:36:781] Written data (COM3) 
    02 31 52 34 30 30 30 30 30 30 30 35 30 39 34 03   .1R400000005094. 
[10:00:36:787] Read data (COM3) 
    02 55 31 52 34 43 30 30 30 30 30 30 30 36 31 03   .U1R4C000000061. 
[10:00:36:789] Written data (COM3) 
    02 31 52 34 30 30 30 30 30 30 30 36 30 39 33 03   .1R400000006093. 
[10:00:36:795] Read data (COM3) 
    02 55 31 52 34 30 30 30 30 30 30 30 37 36 44 03   .U1R4000000076D. 
[10:00:36:797] Written data (COM3) 
    02 31 52 34 30 30 30 30 30 30 30 37 30 39 32 03   .1R400000007092. 
[10:00:36:803] Read data (COM3) 
    02 55 31 52 34 30 30 30 30 30 30 30 30 37 34 03   .U1R40000000074. 
[10:00:36:805] Written data (COM3) 
    02 31 52 34 30 30 30 30 30 30 30 38 30 39 31 03   .1R400000008091. 
[10:00:36:812] Read data (COM3) 
    02 55 31 52 34 30 30 30 30 30 30 36 32 36 43 03   .U1R4000000626C. 
[10:00:36:813] Written data (COM3) 
    02 31 52 34 30 30 30 30 30 30 30 39 30 39 30 03   .1R400000009090. 
[10:00:36:820] Read data (COM3) 
    02 55 31 52 34 30 30 30 30 30 30 31 34 36 46 03   .U1R4000000146F. 
[10:00:36:821] Written data (COM3) 
    02 31 52 34 30 30 30 30 30 30 30 41 30 38 38 03   .1R40000000A088. 
[10:00:36:828] Read data (COM3) 
    02 55 31 52 34 30 30 30 30 30 37 44 30 35 39 03   .U1R4000007D059. 
[10:00:36:829] Written data (COM3) 
    02 31 52 34 30 30 30 30 30 30 30 42 30 38 37 03   .1R40000000B087. 
[10:00:36:836] Read data (COM3) 
    02 55 31 52 34 30 30 30 30 30 30 32 38 36 41 03   .U1R4000000286A. 
[10:00:36:838] Written data (COM3) 
    02 31 52 34 30 30 30 30 30 30 30 43 30 38 36 03   .1R40000000C086. 
[10:00:36:845] Read data (COM3) 
    02 55 31 52 34 30 30 30 30 30 30 30 31 37 33 03   .U1R40000000173. 
[10:00:36:846] Written data (COM3) 
    02 31 52 34 30 30 30 30 30 30 30 44 30 38 35 03   .1R40000000D085. 
[10:00:36:853] Read data (COM3) 
    02 55 31 52 34 30 30 30 30 30 30 30 33 37 31 03   .U1R40000000371. 
[10:00:36:855] Written data (COM3) 
    02 31 52 34 30 30 30 30 30 30 30 45 30 38 34 03   .1R40000000E084. 
[10:00:36:862] Read data (COM3) 
    02 55 31 52 34 30 30 30 30 35 37 45 34 34 46 03   .U1R4000057E44F. 
[10:00:36:863] Written data (COM3) 
    02 31 52 34 30 30 30 30 30 30 30 46 30 38 33 03   .1R40000000F083. 
[10:00:36:870] Read data (COM3) 
    02 55 31 52 34 30 30 30 30 30 32 34 43 35 42 03   .U1R40000024C5B. 
[10:00:36:872] Written data (COM3) 
    02 31 52 34 30 30 30 30 30 30 31 30 30 39 38 03   .1R400000010098. 
[10:00:36:878] Read data (COM3) 
    02 55 31 52 34 30 30 30 30 30 30 33 43 35 45 03   .U1R40000003C5E. 
[10:00:36:880] Written data (COM3) 
    02 31 52 34 30 30 30 30 30 30 31 31 30 39 37 03   .1R400000011097. 
[10:00:36:887] Read data (COM3) 
    02 55 31 52 34 30 30 30 30 30 30 46 46 34 38 03   .U1R4000000FF48. 
[10:00:36:889] Written data (COM3) 
    02 31 52 34 30 30 30 30 30 30 31 32 30 39 36 03   .1R400000012096. 
[10:00:36:895] Read data (COM3) 
    02 55 31 52 34 30 30 30 30 30 30 30 36 36 45 03   .U1R4000000066E. 
[10:00:36:897] Written data (COM3) 
    02 31 52 34 30 30 30 30 30 30 31 33 30 39 35 03   .1R400000013095. 
[10:00:36:904] Read data (COM3) 
    02 55 31 52 34 30 30 30 30 30 30 30 30 37 34 03   .U1R40000000074. 
[10:00:36:905] Written data (COM3) 
    02 31 52 34 30 30 30 30 30 30 31 34 30 39 34 03   .1R400000014094. 
[10:00:36:912] Read data (COM3) 
    02 55 31 52 34 30 30 30 30 30 30 30 30 37 34 03   .U1R40000000074. 
[10:00:36:913] Written data (COM3) 
    02 31 52 34 30 30 30 30 30 30 31 35 30 39 33 03   .1R400000015093. 
[10:00:36:920] Read data (COM3) 
    02 55 31 52 34 30 30 30 30 30 30 30 30 37 34 03   .U1R40000000074. 
[10:00:36:921] Written data (COM3) 
    02 31 52 34 30 30 30 30 30 30 31 36 30 39 32 03   .1R400000016092. 
[10:00:36:927] Read data (COM3) 
    02 55 31 52 34 30 30 30 30 30 30 30 30 37 34 03   .U1R40000000074. 
[10:00:36:929] Written data (COM3) 
    02 31 52 34 30 30 30 30 30 30 31 37 30 39 31 03   .1R400000017091. 
[10:00:36:935] Read data (COM3) 
    02 55 31 52 34 30 30 30 30 30 30 30 31 37 33 03   .U1R40000000173. 
[10:00:36:937] Written data (COM3) 
    02 31 52 34 30 30 30 30 30 30 31 38 30 39 30 03   .1R400000018090. 
[10:00:36:945] Read data (COM3) 
    02 55 31 52 34 30 30 30 30 30 30 30 30 37 34 03   .U1R40000000074. 
[10:00:36:946] Written data (COM3) 
    02 31 52 34 30 30 30 30 30 30 31 39 30 38 46 03   .1R40000001908F. 
[10:00:36:953] Read data (COM3) 
    02 55 31 52 34 30 30 30 30 30 30 45 30 35 46 03   .U1R4000000E05F. 
[10:00:36:954] Written data (COM3) 
    02 31 52 34 30 30 30 30 30 30 31 41 30 38 37 03   .1R40000001A087. 
[10:00:36:961] Read data (COM3) 
    02 55 31 52 34 30 30 30 30 33 31 41 39 35 36 03   .U1R4000031A956. 
[10:00:36:962] Written data (COM3) 
    02 31 52 34 30 30 30 30 30 30 31 42 30 38 36 03   .1R40000001B086. 
[10:00:36:969] Read data (COM3) 
    02 55 31 52 34 38 30 30 30 30 30 34 30 36 38 03   .U1R48000004068. 
[10:00:36:970] Written data (COM3) 
    02 31 52 34 30 30 30 30 30 30 31 43 30 38 35 03   .1R40000001C085. 
[10:00:36:977] Read data (COM3) 
    02 55 31 52 34 30 30 30 30 30 30 30 30 37 34 03   .U1R40000000074. 
[10:00:36:978] Written data (COM3) 
    02 31 52 34 30 30 30 30 30 30 31 44 30 38 34 03   .1R40000001D084. 
[10:00:36:985] Read data (COM3) 
    02 55 31 52 34 30 30 30 30 30 30 30 30 37 34 03   .U1R40000000074. 
[10:00:36:987] Written data (COM3) 
    02 31 52 34 30 30 30 30 30 30 31 45 30 38 33 03   .1R40000001E083. 
[10:00:36:993] Read data (COM3) 
    02 55 31 52 34 30 30 30 30 30 30 30 30 37 34 03   .U1R40000000074. 
[10:00:36:994] Written data (COM3) 
    02 31 52 34 30 30 30 30 30 30 31 46 30 38 32 03   .1R40000001F082. 
[10:00:37:001] Read data (COM3) 
    02 55 31 52 34 30 30 30 30 30 30 30 38 36 43 03   .U1R4000000086C. 
[10:00:37:003] Written data (COM3) 
    02 31 52 34 30 30 30 30 36 38 30 30 30 38 42 03   .1R40000680008B. 
[10:00:37:010] Read data (COM3) 
    02 55 31 52 34 33 30 33 39 30 30 33 32 36 30 03   .U1R43039003260. 
[10:00:37:011] Written data (COM3) 
    02 31 52 34 30 30 30 46 46 44 34 42 30 34 33 03   .1R4000FFD4B043. 
[10:00:37:018] Read data (COM3) 
    02 55 31 52 34 33 31 30 30 30 30 30 38 36 38 03   .U1R43100000868. 
[10:00:37:019] Written data (COM3) 
    02 31 52 34 30 30 30 46 46 44 34 36 30 34 46 03   .1R4000FFD4604F. 
[10:00:37:026] Read data (COM3) 
    02 55 31 52 34 46 46 46 46 46 46 46 41 43 39 03   .U1R4FFFFFFFAC9. 
[10:00:37:042] Written data (COM3) 
    02 31 52 34 30 30 30 30 37 43 30 30 30 37 46 03   .1R400007C0007F. 
[10:00:37:049] Read data (COM3) 
    02 55 31 52 34 30 30 30 30 30 30 30 30 37 34 03   .U1R40000000074. 
[10:00:37:107] Written data (COM3) 
    02 31 52 34 30 30 30 30 36 43 30 34 30 37 43 03   .1R400006C0407C. 
[10:00:37:114] Read data (COM3) 
    02 55 31 52 34 39 30 30 30 30 30 30 30 36 42 03   .U1R4900000006B. 
[10:00:37:115] Written data (COM3) 
    02 31 52 34 30 30 30 30 37 34 30 30 30 38 45 03   .1R40000740008E. 
